[0, 0.0]
[1, 0.0]
[2, 0.0]
[3, 0.0]
[4, 0.0]
[5, 0.0]
[6, 0.0]
[7, 0.0]
[8, 0.0]
[9, 0.0]
[10, 0.0]
[11, 0.0]
[12, 0.0005018711090087891]
[13, 0.0]
[14, 0.0]
[15, 0.0]
[16, 0.0]
[17, 0.0]
[18, 0.0]
[19, 0.0]
[20, 0.0]
[21, 0.0]
[22, 0.0]
[23, 0.0]
[24, 0.0]
[25, 0.0004978179931640625]
[26, 0.0005004405975341797]
[27, 0.0]
[28, 0.0]
[29, 0.000499725341796875]
[30, 0.0]
[31, 0.0]
[32, 0.0004820823669433594]
[33, 0.0004999637603759766]
[34, 0.0]
[35, 0.0]
[36, 0.0005011558532714844]
[37, 0.0]
[38, 0.0]
[39, 0.0004994869232177734]
[40, 0.0005004405975341797]
[41, 0.0]
[42, 0.0]
[43, 0.000499725341796875]
[44, 0.000499725341796875]
[45, 0.0005011558532714844]
[46, 0.0004999637603759766]
[47, 0.0004832744598388672]
[48, 0.000499725341796875]
[49, 0.000499725341796875]
[50, 0.0005006790161132812]
[51, 0.0004999637603759766]
[52, 0.0005011558532714844]
[53, 0.0005002021789550781]
[54, 0.0004990100860595703]
[55, 0.0]
[56, 0.0]
[57, 0.0005009174346923828]
[58, 0.001501321792602539]
[59, 0.0025017261505126953]
[60, 0.0005002021789550781]
[61, 0.000499725341796875]
[62, 0.0005002021789550781]
[63, 0.0004999637603759766]
[64, 0.0009818077087402344]
[65, 0.0005190372467041016]
[66, 0.0005004405975341797]
[67, 0.0004999637603759766]
[68, 0.001001596450805664]
[69, 0.0004944801330566406]
[70, 0.0004818439483642578]
[71, 0.0005006790161132812]
[72, 0.0004994869232177734]
[73, 0.0010025501251220703]
[74, 0.0010001659393310547]
[75, 0.0010006427764892578]
[76, 0.0010023117065429688]
[77, 0.00099945068359375]
[78, 0.0010144710540771484]
[79, 0.0010001659393310547]
[80, 0.0010006427764892578]
[81, 0.0010013580322265625]
[82, 0.0009860992431640625]
[83, 0.0010004043579101562]
[84, 0.0010006427764892578]
[85, 0.0010004043579101562]
[86, 0.0009837150573730469]
[87, 0.001001596450805664]
[88, 0.000499725341796875]
[89, 0.0009999275207519531]
[90, 0.0009982585906982422]
[91, 0.001501321792602539]
[92, 0.001001119613647461]
[93, 0.001500844955444336]
[94, 0.0015010833740234375]
[95, 0.0010006427764892578]
[96, 0.0015010833740234375]
[97, 0.001500844955444336]
[98, 0.0009996891021728516]
[99, 0.0010004043579101562]
[100, 0.0015006065368652344]
[101, 0.0015017986297607422]
[102, 0.0014998912811279297]
[103, 0.0025026798248291016]
[104, 0.0025022029876708984]
[105, 0.0030019283294677734]
[106, 0.003002166748046875]
[107, 0.0025010108947753906]
[108, 0.0030024051666259766]
[109, 0.0030019283294677734]
[110, 0.003001689910888672]
[111, 0.003002166748046875]
[112, 0.003001689910888672]
[113, 0.0035028457641601562]
[114, 0.0030024051666259766]
[115, 0.0030019283294677734]
[116, 0.0030019283294677734]
[117, 0.0025031566619873047]
[118, 0.004000425338745117]
[119, 0.0035011768341064453]
[120, 0.0030035972595214844]
[121, 0.0035033226013183594]
[122, 0.0035033226013183594]
[123, 0.0035016536712646484]
[124, 0.004002809524536133]
[125, 0.0025005340576171875]
[126, 0.0025017261505126953]
[127, 0.0035026073455810547]
[128, 0.0025017261505126953]
[129, 0.0020012855529785156]
[130, 0.002500772476196289]
[131, 0.003002166748046875]
[132, 0.003002643585205078]
[133, 0.0025022029876708984]
[134, 0.0025017261505126953]
[135, 0.0030014514923095703]
[136, 0.0025010108947753906]
[137, 0.003503084182739258]
[138, 0.00400233268737793]
[139, 0.003002166748046875]
[140, 0.0025010108947753906]
[141, 0.003002166748046875]
[142, 0.003003358840942383]
[143, 0.0030007362365722656]
[144, 0.003002643585205078]
[145, 0.003001689910888672]
[146, 0.003002166748046875]
[147, 0.0030028820037841797]
[148, 0.0030007362365722656]
[149, 0.0040013790130615234]
[150, 0.003002166748046875]
[151, 0.004502773284912109]
[152, 0.003502368927001953]
[153, 0.003501415252685547]
[154, 0.003501415252685547]
[155, 0.0035028457641601562]
[156, 0.0035021305084228516]
[157, 0.00350189208984375]
[158, 0.003001689910888672]
[159, 0.0035026073455810547]
[160, 0.004503726959228516]
[161, 0.00400233268737793]
[162, 0.0035028457641601562]
[163, 0.004003763198852539]
[164, 0.0040013790130615234]
[165, 0.003502368927001953]
[166, 0.003502368927001953]
[167, 0.004503011703491211]
[168, 0.004003286361694336]
[169, 0.004002571105957031]
[170, 0.0035200119018554688]
[171, 0.004002094268798828]
[172, 0.0035028457641601562]
[173, 0.0049860477447509766]
[174, 0.004484891891479492]
[175, 0.0050165653228759766]
[176, 0.003987789154052734]
[177, 0.004503965377807617]
[178, 0.0045032501220703125]
[179, 0.0045013427734375]
[180, 0.003983974456787109]
[181, 0.005504608154296875]
[182, 0.007002592086791992]
[183, 0.007004737854003906]
[184, 0.005003690719604492]
[185, 0.005002737045288086]
[186, 0.005501508712768555]
[187, 0.004503965377807617]
[188, 0.006504058837890625]
[189, 0.004500150680541992]
[190, 0.0054857730865478516]
[191, 0.005022287368774414]
[192, 0.005484580993652344]
[193, 0.005015134811401367]
[194, 0.0054857730865478516]
[195, 0.006503582000732422]
[196, 0.0050048828125]
[197, 0.007002830505371094]
[198, 0.006486415863037109]
[199, 0.007003068923950195]
[200, 0.006560802459716797]
[201, 0.006006002426147461]
[202, 0.006505489349365234]
[203, 0.005502223968505859]
[204, 0.007505178451538086]
[205, 0.0065059661865234375]
[206, 0.005984783172607422]
[207, 0.007004737854003906]
[208, 0.005503654479980469]
[209, 0.0060231685638427734]
[210, 0.006003856658935547]
[211, 0.00652313232421875]
[212, 0.00600433349609375]
[213, 0.006004810333251953]
[214, 0.006022930145263672]
[215, 0.005986452102661133]
[216, 0.008505821228027344]
[217, 0.00700831413269043]
[218, 0.0075032711029052734]
[219, 0.01300954818725586]
[220, 0.010508060455322266]
[221, 0.008006095886230469]
[222, 0.0070340633392333984]
[223, 0.007504463195800781]
[224, 0.008004188537597656]
[225, 0.010007619857788086]
[226, 0.012509346008300781]
[227, 0.007022380828857422]
[228, 0.012510061264038086]
[229, 0.010506868362426758]
[230, 0.007505893707275391]
[231, 0.00900411605834961]
[232, 0.008504867553710938]
[233, 0.010009527206420898]
[234, 0.012008905410766602]
[235, 0.011507987976074219]
[236, 0.01000666618347168]
[237, 0.010006189346313477]
[238, 0.011507511138916016]
[239, 0.010005950927734375]
[240, 0.010505914688110352]
[241, 0.021515607833862305]
[242, 0.012006521224975586]
[243, 0.01701211929321289]
[244, 0.02701878547668457]
[245, 0.01250910758972168]
[246, 0.04002785682678223]
[247, 0.017012357711791992]
[248, 0.02902054786682129]
[249, 0.017511606216430664]
[250, 0.019514083862304688]
[251, 0.017012357711791992]
[252, 0.04252982139587402]
[253, 0.014509916305541992]
[254, 0.009005546569824219]
[255, 0.009507179260253906]
[256, 0.009006023406982422]
[257, 0.009505987167358398]
[258, 0.009506940841674805]
[259, 0.011008262634277344]
[260, 0.012009143829345703]
[261, 0.010506153106689453]
[262, 0.012027740478515625]
[263, 0.009988546371459961]
[264, 0.010524511337280273]
[265, 0.010004758834838867]
[266, 0.01002192497253418]
[267, 0.011021614074707031]
[268, 0.01000666618347168]
[269, 0.010006904602050781]
[270, 0.011006355285644531]
[271, 0.014508724212646484]
[272, 0.0175325870513916]
[273, 0.009503841400146484]
[274, 0.010024547576904297]
[275, 0.010489463806152344]
[276, 0.01000666618347168]
[277, 0.010489702224731445]
[278, 0.010998725891113281]
[279, 0.010508298873901367]
[280, 0.015524625778198242]
[281, 0.010491609573364258]
[282, 0.011008024215698242]
[283, 0.010512113571166992]
[284, 0.01000666618347168]
[285, 0.010507345199584961]
[286, 0.01050710678100586]
[287, 0.011490106582641602]
[288, 0.011006355285644531]
[289, 0.012489557266235352]
[290, 0.011022806167602539]
[291, 0.012990713119506836]
[292, 0.012007713317871094]
[293, 0.012527704238891602]
[294, 0.012002706527709961]
[295, 0.012006759643554688]
[296, 0.012527227401733398]
[297, 0.01250910758972168]
[298, 0.014528274536132812]
[299, 0.011989593505859375]
[300, 0.012079000473022461]
[301, 0.01252603530883789]
[302, 0.012005805969238281]
[303, 0.013509273529052734]
[304, 0.012490987777709961]
[305, 0.014007806777954102]
[306, 0.012509822845458984]
[307, 0.012507915496826172]
[308, 0.013526678085327148]
[309, 0.013994216918945312]
[310, 0.01602959632873535]
[311, 0.013008832931518555]
[312, 0.013529062271118164]
[313, 0.012991189956665039]
[314, 0.013527154922485352]
[315, 0.014010190963745117]
[316, 0.015514850616455078]
[317, 0.013992071151733398]
[318, 0.014028549194335938]
[319, 0.013491153717041016]
[320, 0.01302790641784668]
[321, 0.013505220413208008]
[322, 0.013509273529052734]
[323, 0.014009475708007812]
[324, 0.013491153717041016]
[325, 0.016011476516723633]
[326, 0.021515846252441406]
[327, 0.014527320861816406]
[328, 0.01899433135986328]
[329, 0.020014047622680664]
[330, 0.025516748428344727]
[331, 0.016011476516723633]
[332, 0.016510963439941406]
[333, 0.016009807586669922]
[334, 0.015011072158813477]
[335, 0.015510082244873047]
[336, 0.015027999877929688]
[337, 0.01549220085144043]
[338, 0.015511035919189453]
[339, 0.025999784469604492]
[340, 0.017995595932006836]
[341, 0.017012834548950195]
[342, 0.019515037536621094]
[343, 0.020015239715576172]
[344, 0.0165097713470459]
[345, 0.02001500129699707]
[346, 0.0165102481842041]
[347, 0.016529560089111328]
[348, 0.016008853912353516]
[349, 0.016012191772460938]
[350, 0.016009092330932617]
[351, 0.01751255989074707]
[352, 0.020995378494262695]
[353, 0.01751399040222168]
[354, 0.01649332046508789]
[355, 0.015529870986938477]
[356, 0.016992807388305664]
[357, 0.018532514572143555]
[358, 0.0170133113861084]
[359, 0.01649165153503418]
[360, 0.017512083053588867]
[361, 0.016512632369995117]
[362, 0.018010854721069336]
[363, 0.01851487159729004]
[364, 0.017510414123535156]
[365, 0.016531705856323242]
[366, 0.025998830795288086]
[367, 0.018491268157958984]
[368, 0.017511606216430664]
[369, 0.018030405044555664]
[370, 0.018013477325439453]
[371, 0.019031047821044922]
[372, 0.020502805709838867]
[373, 0.018512964248657227]
[374, 0.018514633178710938]
[375, 0.017511606216430664]
[376, 0.01801133155822754]
[377, 0.020003795623779297]
[378, 0.03252267837524414]
[379, 0.0190126895904541]
[380, 0.019014596939086914]
[381, 0.020012617111206055]
[382, 0.019031047821044922]
[383, 0.020513296127319336]
[384, 0.020016908645629883]
[385, 0.019513607025146484]
[386, 0.02101302146911621]
[387, 0.022535085678100586]
[388, 0.021014928817749023]
[389, 0.028502225875854492]
[390, 0.02101421356201172]
[391, 0.02049565315246582]
[392, 0.022034883499145508]
[393, 0.021515369415283203]
[394, 0.02103281021118164]
[395, 0.02551555633544922]
[396, 0.0215151309967041]
[397, 0.021514177322387695]
[398, 0.021014690399169922]
[399, 0.023017168045043945]
[400, 0.03152179718017578]
[401, 0.022533416748046875]
[402, 0.021495342254638672]
[403, 0.026522159576416016]
[404, 0.027518033981323242]
[405, 0.02751898765563965]
[406, 0.02703714370727539]
[407, 0.02651667594909668]
[408, 0.026019573211669922]
[409, 0.03502511978149414]
[410, 0.025518417358398438]
[411, 0.027520418167114258]
[412, 0.02701878547668457]
[413, 0.030523300170898438]
[414, 0.0290219783782959]
[415, 0.02601933479309082]
[416, 0.029021024703979492]
[417, 0.04153037071228027]
[418, 0.02951979637145996]
[419, 0.03152179718017578]
[420, 0.03452253341674805]
[421, 0.024518489837646484]
[422, 0.026018857955932617]
[423, 0.025519132614135742]
[424, 0.02701854705810547]
[425, 0.030519485473632812]
[426, 0.024036645889282227]
[427, 0.02451634407043457]
[428, 0.025499820709228516]
[429, 0.025498628616333008]
[430, 0.026500225067138672]
[431, 0.029018878936767578]
[432, 0.024518251419067383]
[433, 0.02801966667175293]
[434, 0.037525177001953125]
[435, 0.027019977569580078]
[436, 0.026500940322875977]
[437, 0.029001712799072266]
[438, 0.026535749435424805]
[439, 0.02852034568786621]
[440, 0.02551889419555664]
[441, 0.026500940322875977]
[442, 0.0380246639251709]
[443, 0.034505367279052734]
[444, 0.029540300369262695]
[445, 0.026002168655395508]
[446, 0.02651834487915039]
[447, 0.028530359268188477]
[448, 0.02751755714416504]
[449, 0.02553725242614746]
[450, 0.04253029823303223]
[451, 0.027520418167114258]
[452, 0.02953815460205078]
[453, 0.027499914169311523]
[454, 0.029520511627197266]
[455, 0.02901911735534668]
[456, 0.031522274017333984]
[457, 0.032022714614868164]
[458, 0.04204916954040527]
[459, 0.030520200729370117]
[460, 0.030523061752319336]
[461, 0.030524015426635742]
[462, 0.02952122688293457]
[463, 0.033003807067871094]
[464, 0.028518199920654297]
[465, 0.03552579879760742]
[466, 0.03752708435058594]
[467, 0.03252434730529785]
[468, 0.03454279899597168]
[469, 0.03500676155090332]
[470, 0.03304123878479004]
[471, 0.03202199935913086]
[472, 0.043599605560302734]
[473, 0.032022953033447266]
[474, 0.032042503356933594]
[475, 0.03202223777770996]
[476, 0.03252124786376953]
[477, 0.038025856018066406]
[478, 0.03350400924682617]
[479, 0.047033071517944336]
[480, 0.034542083740234375]
[481, 0.036025047302246094]
[482, 0.03503990173339844]
[483, 0.03304028511047363]
[484, 0.03704547882080078]
[485, 0.036529541015625]
[486, 0.04254627227783203]
[487, 0.03754401206970215]
[488, 0.03902888298034668]
[489, 0.03202104568481445]
[490, 0.035025596618652344]
[491, 0.03654789924621582]
[492, 0.04956388473510742]
[493, 0.03752636909484863]
[494, 0.0375058650970459]
[495, 0.03704380989074707]
[496, 0.03602290153503418]
[497, 0.03800773620605469]
[498, 0.04903244972229004]
[499, 0.03650546073913574]
[500, 0.038027048110961914]
[501, 0.03754615783691406]
[502, 0.03702807426452637]
[503, 0.03500676155090332]
[504, 0.05203557014465332]
[505, 0.036528825759887695]
[506, 0.038025856018066406]
[507, 0.03502368927001953]
[508, 0.03552603721618652]
[509, 0.03752875328063965]
[510, 0.03654360771179199]
[511, 0.042510986328125]
[512, 0.035511016845703125]
[513, 0.03704357147216797]
[514, 0.03502297401428223]
[515, 0.05255627632141113]
[516, 0.048035383224487305]
[517, 0.03752589225769043]
[518, 0.03952956199645996]
[519, 0.036043643951416016]
[520, 0.036525726318359375]
[521, 0.036006927490234375]
[522, 0.03752613067626953]
[523, 0.042549848556518555]
[524, 0.03802752494812012]
[525, 0.036507606506347656]
[526, 0.03802680969238281]
[527, 0.04304790496826172]
[528, 0.05201864242553711]
[529, 0.04555058479309082]
[530, 0.044513702392578125]
[531, 0.04002690315246582]
[532, 0.04653215408325195]
[533, 0.07855486869812012]
[534, 0.06354498863220215]
[535, 0.053037405014038086]
[536, 0.04204893112182617]
[537, 0.041510820388793945]
[538, 0.04755258560180664]
[539, 0.04002666473388672]
[540, 0.09556818008422852]
[541, 0.09456682205200195]
[542, 0.04453134536743164]
[543, 0.04252958297729492]
[544, 0.044049978256225586]
[545, 0.04453134536743164]
[546, 0.04853391647338867]
[547, 0.04953289031982422]
[548, 0.04201078414916992]
[549, 0.040547847747802734]
[550, 0.04002976417541504]
[551, 0.04052901268005371]
[552, 0.04601311683654785]
[553, 0.041048288345336914]
[554, 0.059023380279541016]
[555, 0.057538747787475586]
[556, 0.064544677734375]
[557, 0.09856986999511719]
[558, 0.05704045295715332]
[559, 0.043029069900512695]
[560, 0.06454634666442871]
[561, 0.04903411865234375]
[562, 0.05703926086425781]
[563, 0.0480341911315918]
[564, 0.05604076385498047]
[565, 0.04703330993652344]
[566, 0.04503154754638672]
[567, 0.0455319881439209]
[568, 0.047051191329956055]
[569, 0.04803323745727539]
[570, 0.0530552864074707]
[571, 0.04453134536743164]
[572, 0.05253720283508301]
[573, 0.044030189514160156]
[574, 0.044011831283569336]
[575, 0.048535823822021484]
[576, 0.045532941818237305]
[577, 0.050542354583740234]
[578, 0.0455322265625]
[579, 0.045012474060058594]
[580, 0.046051740646362305]
[581, 0.04651474952697754]
[582, 0.04503035545349121]
[583, 0.04503178596496582]
[584, 0.04755449295043945]
[585, 0.04903459548950195]
[586, 0.047533512115478516]
[587, 0.04755258560180664]
[588, 0.04551434516906738]
[589, 0.046532630920410156]
[590, 0.04853391647338867]
[591, 0.04462933540344238]
[592, 0.05153632164001465]
[593, 0.049516916275024414]
[594, 0.04853248596191406]
[595, 0.04851508140563965]
[596, 0.05453777313232422]
[597, 0.05804157257080078]
[598, 0.05051875114440918]
[599, 0.052037954330444336]
[600, 0.05155444145202637]
[601, 0.05253767967224121]
[602, 0.04801487922668457]
[603, 0.05003547668457031]
[604, 0.052556514739990234]
[605, 0.060024261474609375]
[606, 0.06306147575378418]
[607, 0.05053567886352539]
[608, 0.052019357681274414]
[609, 0.04803347587585449]
[610, 0.05203700065612793]
[611, 0.05003476142883301]
[612, 0.050553083419799805]
[613, 0.050516366958618164]
[614, 0.06554675102233887]
[615, 0.056041717529296875]
[616, 0.05155515670776367]
[617, 0.050035953521728516]
[618, 0.05505847930908203]
[619, 0.0525360107421875]
[620, 0.05255627632141113]
[621, 0.05453968048095703]
[622, 0.06202530860900879]
[623, 0.06654739379882812]
[624, 0.06354641914367676]
[625, 0.0575404167175293]
[626, 0.05804038047790527]
[627, 0.055539608001708984]
[628, 0.06154346466064453]
[629, 0.0560603141784668]
[630, 0.06904864311218262]
[631, 0.07055091857910156]
[632, 0.07355213165283203]
[633, 0.06054329872131348]
[634, 0.05755949020385742]
[635, 0.05754208564758301]
[636, 0.056040048599243164]
[637, 0.058058977127075195]
[638, 0.05902361869812012]
[639, 0.056539297103881836]
[640, 0.05453777313232422]
[641, 0.06304574012756348]
[642, 0.07255053520202637]
[643, 0.05954146385192871]
[644, 0.06905031204223633]
[645, 0.08055877685546875]
[646, 0.1030721664428711]
[647, 0.07104921340942383]
[648, 0.07156586647033691]
[649, 0.06154370307922363]
[650, 0.06807136535644531]
[651, 0.06002330780029297]
[652, 0.08706212043762207]
[653, 0.06454730033874512]
[654, 0.060543060302734375]
[655, 0.05956101417541504]
[656, 0.061560869216918945]
[657, 0.0640265941619873]
[658, 0.0795753002166748]
[659, 0.07169938087463379]
[660, 0.12308669090270996]
[661, 0.08055615425109863]
[662, 0.08255767822265625]
[663, 0.06804752349853516]
[664, 0.06254315376281738]
[665, 0.0625452995300293]
[666, 0.08906221389770508]
[667, 0.09404826164245605]
[668, 0.11060142517089844]
[669, 0.07855653762817383]
[670, 0.06554603576660156]
[671, 0.06752824783325195]
[672, 0.06656694412231445]
[673, 0.07155013084411621]
[674, 0.06804871559143066]
[675, 0.06752896308898926]
[676, 0.13209199905395508]
[677, 0.08956265449523926]
[678, 0.14960622787475586]
[679, 0.07155084609985352]
[680, 0.07255244255065918]
[681, 0.07106733322143555]
[682, 0.07705402374267578]
[683, 0.07607531547546387]
[684, 0.1511085033416748]
[685, 0.0980687141418457]
[686, 0.07055044174194336]
[687, 0.06504678726196289]
[688, 0.07657384872436523]
[689, 0.07807421684265137]
[690, 0.0855412483215332]
[691, 0.07407164573669434]
[692, 0.07953739166259766]
[693, 0.06857037544250488]
[694, 0.0950479507446289]
[695, 0.10757565498352051]
[696, 0.12609028816223145]
[697, 0.1270911693572998]
[698, 0.12358713150024414]
[699, 0.11858439445495605]
[700, 0.11708307266235352]
[701, 0.11157941818237305]
[702, 0.10157155990600586]
[703, 0.09006309509277344]
[704, 0.0985708236694336]
[705, 0.09206581115722656]
[706, 0.08556127548217773]
[707, 0.08506011962890625]
[708, 0.07755637168884277]
[709, 0.07255101203918457]
[710, 0.06953215599060059]
[711, 0.08807158470153809]
[712, 0.09856867790222168]
[713, 0.07155108451843262]
[714, 0.069549560546875]
[715, 0.07055115699768066]
[716, 0.08305764198303223]
[717, 0.08956408500671387]
[718, 0.07455325126647949]
[719, 0.07207179069519043]
[720, 0.08055567741394043]
[721, 0.08055567741394043]
[722, 0.08207297325134277]
[723, 0.07105135917663574]
[724, 0.07255005836486816]
[725, 0.07955503463745117]
[726, 0.0840599536895752]
[727, 0.07955622673034668]
[728, 0.10507416725158691]
[729, 0.15961241722106934]
[730, 0.13809895515441895]
[731, 0.0985713005065918]
[732, 0.09006357192993164]
[733, 0.07755446434020996]
[734, 0.07305312156677246]
[735, 0.07705497741699219]
[736, 0.0870809555053711]
[737, 0.07303190231323242]
[738, 0.07657599449157715]
[739, 0.07755303382873535]
[740, 0.10157084465026855]
[741, 0.08305954933166504]
[742, 0.12558770179748535]
[743, 0.1340951919555664]
[744, 0.1005706787109375]
[745, 0.07805562019348145]
[746, 0.10757684707641602]
[747, 0.08906245231628418]
[748, 0.07805609703063965]
[749, 0.0773775577545166]
[750, 0.07903718948364258]
[751, 0.08205819129943848]
[752, 0.08057713508605957]
[753, 0.08203911781311035]
[754, 0.0790560245513916]
[755, 0.07805347442626953]
[756, 0.07955431938171387]
[757, 0.0790550708770752]
[758, 0.08305931091308594]
[759, 0.09956955909729004]
[760, 0.08305692672729492]
[761, 0.08105826377868652]
[762, 0.08153748512268066]
[763, 0.08307862281799316]
[764, 0.0905449390411377]
[765, 0.08055663108825684]
[766, 0.0835413932800293]
[767, 0.08007526397705078]
[768, 0.08356046676635742]
[769, 0.0820772647857666]
[770, 0.08206462860107422]
[771, 0.09204506874084473]
[772, 0.08405756950378418]
[773, 0.08405804634094238]
[774, 0.09056472778320312]
[775, 0.0815572738647461]
[776, 0.08759403228759766]
[777, 0.08205699920654297]
[778, 0.0840606689453125]
[779, 0.08454179763793945]
[780, 0.08607888221740723]
[781, 0.08304119110107422]
[782, 0.08505868911743164]
[783, 0.09859204292297363]
[784, 0.08556079864501953]
[785, 0.08604288101196289]
[786, 0.09758973121643066]
[787, 0.09506464004516602]
[788, 0.09604859352111816]
[789, 0.09658575057983398]
[790, 0.09456586837768555]
[791, 0.09656882286071777]
[792, 0.10509300231933594]
[793, 0.11107444763183594]
[794, 0.13059210777282715]
[795, 0.12208771705627441]
[796, 0.12058544158935547]
[797, 0.12909150123596191]
[798, 0.3857748508453369]
[799, 0.297208309173584]
[800, 0.21515536308288574]
[801, 0.16712379455566406]
[802, 0.18062710762023926]
[803, 0.17812681198120117]
[804, 0.24617481231689453]
[805, 0.21215057373046875]
[806, 0.13759779930114746]
[807, 0.22615933418273926]
[808, 0.2997114658355713]
[809, 0.34424400329589844]
[810, 0.23366522789001465]
[811, 0.2346663475036621]
[812, 0.18563103675842285]
[813, 0.18562984466552734]
[814, 0.22666049003601074]
[815, 0.10157322883605957]
[816, 0.14360380172729492]
[817, 0.2947092056274414]
[818, 0.2726936340332031]
[819, 0.26018381118774414]
[820, 0.10707449913024902]
[821, 0.13609552383422852]
[822, 0.12558913230895996]
[823, 0.14810538291931152]
[824, 0.12108826637268066]
[825, 0.1671161651611328]
[826, 0.1681199073791504]
[827, 0.11708188056945801]
[828, 0.1315913200378418]
[829, 0.11408376693725586]
[830, 0.12758851051330566]
[831, 0.18262934684753418]
[832, 0.13959813117980957]
[833, 0.1606135368347168]
[834, 0.12512683868408203]
[835, 0.17212343215942383]
[836, 0.17662358283996582]
[837, 0.14660358428955078]
[838, 0.16711854934692383]
[839, 0.1966397762298584]
[840, 0.13809847831726074]
[841, 0.1410989761352539]
[842, 0.12909173965454102]
[843, 0.14209985733032227]
[844, 0.1681199073791504]
[845, 0.13459539413452148]
[846, 0.16862082481384277]
[847, 0.15010571479797363]
[848, 0.12659120559692383]
[849, 0.13059520721435547]
[850, 0.11909937858581543]
[851, 0.23164844512939453]
[852, 0.33473825454711914]
[853, 0.32673072814941406]
[854, 0.14760231971740723]
[855, 0.24667572975158691]
[856, 0.2852025032043457]
[857, 0.21465253829956055]
[858, 0.13759779930114746]
[859, 0.11459636688232422]
[860, 0.2086470127105713]
[861, 0.14560341835021973]
[862, 0.15060734748840332]
[863, 0.2636876106262207]
[864, 0.18012690544128418]
[865, 0.12308812141418457]
[866, 0.13859796524047852]
[867, 0.13609647750854492]
[868, 0.1340935230255127]
[869, 0.21165180206298828]
[870, 0.15660834312438965]
[871, 0.15410876274108887]
[872, 0.16161584854125977]
[873, 0.22916436195373535]
[874, 0.2036449909210205]
[875, 0.2571876049041748]
[876, 0.18613219261169434]
[877, 0.20064330101013184]
[878, 0.268690824508667]
[879, 0.24867653846740723]
[880, 0.20014095306396484]
[881, 0.17712688446044922]
[882, 0.13460993766784668]
[883, 0.14058399200439453]
[884, 0.1365973949432373]
[885, 0.16111516952514648]
[886, 0.2011418342590332]
[887, 0.1726229190826416]
[888, 0.18562650680541992]
[889, 0.18713164329528809]
[890, 0.19765400886535645]
[891, 0.16411709785461426]
[892, 0.1751246452331543]
[893, 0.17662739753723145]
[894, 0.17562508583068848]
[895, 0.17312216758728027]
[896, 0.17562460899353027]
[897, 0.2396712303161621]
[898, 0.2396693229675293]
[899, 0.25568270683288574]
[900, 0.2181532382965088]
[901, 0.24617433547973633]
[902, 0.19914007186889648]
[903, 0.26018404960632324]
[904, 0.3782675266265869]
[905, 0.23666739463806152]
[906, 0.30121421813964844]
[907, 0.19213581085205078]
[908, 0.18563079833984375]
[909, 0.21515250205993652]
[910, 0.23316645622253418]
[911, 0.18312954902648926]
[912, 0.24717473983764648]
[913, 0.22015714645385742]
[914, 0.6154375076293945]
[915, 0.30321502685546875]
[916, 0.21120476722717285]
[917, 0.4002838134765625]
[918, 0.165618896484375]
[919, 0.15712594985961914]
[920, 0.17312121391296387]
[921, 0.13459467887878418]
[922, 0.13511395454406738]
[923, 0.2971920967102051]
[924, 0.20714759826660156]
[925, 0.16962766647338867]
[926, 0.1631166934967041]
[927, 0.14711856842041016]
[928, 0.14260196685791016]
[929, 0.1531081199645996]
[930, 0.23316645622253418]
[931, 0.23766803741455078]
[932, 0.17112040519714355]
[933, 0.3857734203338623]
[934, 0.35124897956848145]
[935, 0.2396705150604248]
[936, 0.16411733627319336]
[937, 0.21164941787719727]
[938, 0.24367260932922363]
[939, 0.15012288093566895]
[940, 0.13459467887878418]
[941, 0.14611411094665527]
[942, 0.29120635986328125]
[943, 0.3002133369445801]
[944, 0.22969412803649902]
[945, 0.15711069107055664]
[946, 0.14310145378112793]
[947, 0.1581251621246338]
[948, 0.34924793243408203]
[949, 0.1966419219970703]
[950, 0.1606144905090332]
[951, 0.1796278953552246]
[952, 0.18363070487976074]
[953, 0.3232302665710449]
[954, 0.21515154838562012]
[955, 0.26769018173217773]
[956, 0.2516779899597168]
[957, 0.30321407318115234]
[958, 0.2806992530822754]
[959, 0.47383618354797363]
[960, 0.37976980209350586]
[961, 0.30872464179992676]
[962, 0.4102911949157715]
[963, 0.45682406425476074]
[964, 0.2902064323425293]
[965, 0.3622555732727051]
[966, 0.3762664794921875]
[967, 0.3742659091949463]
[968, 0.3647592067718506]
[969, 0.33724021911621094]
[970, 0.3042175769805908]
[971, 0.296710729598999]
[972, 0.40628838539123535]
[973, 0.32272887229919434]
[974, 0.3002135753631592]
[975, 0.31722426414489746]
[976, 0.3122217655181885]
[977, 0.35375189781188965]
[978, 0.35124897956848145]
[979, 0.25519394874572754]
[980, 0.22816109657287598]
[981, 0.23066473007202148]
[982, 0.28920555114746094]
[983, 0.23166513442993164]
[984, 0.24117088317871094]
[985, 0.2952091693878174]
[986, 0.2742323875427246]
[987, 0.2276630401611328]
[988, 0.22516083717346191]
[989, 0.2371683120727539]
[990, 0.2641880512237549]
[991, 0.24767708778381348]
[992, 0.2371675968170166]
[993, 0.29070544242858887]
[994, 0.27669763565063477]
[995, 0.37776875495910645]
[996, 0.2536804676055908]
[997, 0.26120877265930176]
[998, 0.15962743759155273]
[999, 0.20412969589233398]
[1000, 0.15072369575500488]
[1001, 0.14908647537231445]
[1002, 0.15410995483398438]
[1003, 0.16311979293823242]
[1004, 0.1640932559967041]
[1005, 0.18062710762023926]
[1006, 0.15262293815612793]
[1007, 0.1511249542236328]
[1008, 0.1530904769897461]
[1009, 0.1866137981414795]
[1010, 0.49735260009765625]
[1011, 0.15112638473510742]
[1012, 0.15559053421020508]
[1013, 0.17665672302246094]
[1014, 0.16410231590270996]
[1015, 0.16009855270385742]
[1016, 0.18415236473083496]
[1017, 0.16211509704589844]
[1018, 0.1626131534576416]
[1019, 0.16713809967041016]
[1020, 0.15661144256591797]
[1021, 0.21665453910827637]
[1022, 0.20514345169067383]
[1023, 0.17662477493286133]
[1024, 0.15611028671264648]
[1025, 0.1651155948638916]
[1026, 0.18211579322814941]
[1027, 0.16461753845214844]
[1028, 0.17662668228149414]
[1029, 0.16009974479675293]
[1030, 0.16061186790466309]
[1031, 0.1696155071258545]
[1032, 0.1581122875213623]
[1033, 0.16661834716796875]
[1034, 0.17612123489379883]
[1035, 0.21664023399353027]
[1036, 0.20564770698547363]
[1037, 0.19763994216918945]
[1038, 0.20464634895324707]
[1039, 0.20964741706848145]
[1040, 0.3532538414001465]
[1041, 0.67948317527771]
[1042, 0.3622570037841797]
[1043, 0.2446742057800293]
[1044, 0.19764089584350586]
[1045, 0.20314478874206543]
[1046, 0.22115635871887207]
[1047, 0.18813395500183105]
[1048, 0.20214414596557617]
[1049, 0.30321574211120605]
[1050, 0.6844847202301025]
[1051, 0.23916983604431152]
[1052, 0.21064972877502441]
[1053, 0.23766803741455078]
[1054, 0.17362475395202637]
[1055, 0.17812705039978027]
[1056, 0.18762660026550293]
[1057, 0.20264387130737305]
[1058, 0.1891341209411621]
[1059, 0.1821143627166748]
[1060, 0.16211438179016113]
[1061, 0.16311430931091309]
[1062, 0.16813945770263672]
[1063, 0.1726229190826416]
[1064, 0.18413066864013672]
[1065, 0.2181544303894043]
[1066, 0.19063496589660645]
[1067, 0.30271363258361816]
[1068, 0.20214295387268066]
[1069, 0.2016432285308838]
[1070, 0.19363808631896973]
[1071, 0.27019357681274414]
[1072, 0.2421715259552002]
[1073, 0.27969813346862793]
[1074, 0.2616865634918213]
[1075, 0.2226579189300537]
[1076, 0.24817752838134766]
[1077, 0.24267077445983887]
[1078, 0.29821133613586426]
[1079, 0.23116374015808105]
[1080, 0.2521793842315674]
[1081, 0.25267839431762695]
[1082, 0.19929718971252441]
[1083, 0.18513131141662598]
[1084, 0.206146240234375]
[1085, 0.2211596965789795]
[1086, 0.18312978744506836]
[1087, 0.22822117805480957]
[1088, 0.19563841819763184]
[1089, 0.19563913345336914]
[1090, 0.26218557357788086]
[1091, 0.20964932441711426]
[1092, 0.1991405487060547]
[1093, 0.17862606048583984]
[1094, 0.17814254760742188]
[1095, 0.17662501335144043]
[1096, 0.1796579360961914]
[1097, 0.18110918998718262]
[1098, 0.20716142654418945]
[1099, 0.1826343536376953]
[1100, 0.17110228538513184]
[1101, 0.23616909980773926]
[1102, 0.2226567268371582]
[1103, 0.2101459503173828]
[1104, 0.1946423053741455]
[1105, 0.18166279792785645]
[1106, 0.20015621185302734]
[1107, 0.1881399154663086]
[1108, 0.19563865661621094]
[1109, 0.2036573886871338]
[1110, 0.18561959266662598]
[1111, 0.21365046501159668]
[1112, 0.1896522045135498]
[1113, 0.20462584495544434]
[1114, 0.31021904945373535]
[1115, 0.18569397926330566]
[1116, 0.1976184844970703]
[1117, 0.19164061546325684]
[1118, 0.24517321586608887]
[1119, 0.20364594459533691]
[1120, 0.18615055084228516]
[1121, 0.19024181365966797]
[1122, 0.19065499305725098]
[1123, 0.1926565170288086]
[1124, 0.34536004066467285]
[1125, 0.25017738342285156]
[1126, 0.21466326713562012]
[1127, 0.32773256301879883]
[1128, 0.21515536308288574]
[1129, 0.2301630973815918]
[1130, 0.21715426445007324]
[1131, 0.26969170570373535]
[1132, 0.24568867683410645]
[1133, 0.19612503051757812]
[1134, 0.1982734203338623]
[1135, 0.2376689910888672]
[1136, 0.26969075202941895]
[1137, 0.20464396476745605]
[1138, 0.18715262413024902]
[1139, 0.19964146614074707]
[1140, 0.2201368808746338]
[1141, 0.4263017177581787]
[1142, 0.22367358207702637]
[1143, 0.23365092277526855]
[1144, 0.22415828704833984]
[1145, 0.28876590728759766]
[1146, 0.2321641445159912]
[1147, 0.2907094955444336]
[1148, 0.22716188430786133]
[1149, 0.3722646236419678]
[1150, 0.20966267585754395]
[1151, 0.2011427879333496]
[1152, 0.19815850257873535]
[1153, 0.27868008613586426]
[1154, 0.23766827583312988]
[1155, 0.19916033744812012]
[1156, 0.2271595001220703]
[1157, 0.22265863418579102]
[1158, 0.24617505073547363]
[1159, 0.2771947383880615]
[1160, 0.24817657470703125]
[1161, 0.23366665840148926]
[1162, 0.24267292022705078]
[1163, 0.20914888381958008]
[1164, 0.2271585464477539]
[1165, 0.2191765308380127]
[1166, 0.2831997871398926]
[1167, 0.24067163467407227]
[1168, 0.2561814785003662]
[1169, 0.25718235969543457]
[1170, 0.24467778205871582]
[1171, 0.24323415756225586]
[1172, 0.23116254806518555]
[1173, 0.20816802978515625]
[1174, 0.2161564826965332]
[1175, 0.27369141578674316]
[1176, 0.22867536544799805]
[1177, 0.2106304168701172]
[1178, 0.22415995597839355]
[1179, 0.210648775100708]
[1180, 0.27567362785339355]
[1181, 0.23469948768615723]
[1182, 0.21817231178283691]
[1183, 0.21163034439086914]
[1184, 0.2706923484802246]
[1185, 0.3362386226654053]
[1186, 0.25517773628234863]
[1187, 0.22714662551879883]
[1188, 0.3592550754547119]
[1189, 0.21014881134033203]
[1190, 0.21165084838867188]
[1191, 0.33280110359191895]
[1192, 0.23867011070251465]
[1193, 0.20066189765930176]
[1194, 0.2016429901123047]
[1195, 0.2446880340576172]
[1196, 0.22864890098571777]
[1197, 0.22616100311279297]
[1198, 0.1966419219970703]
[1199, 0.2086479663848877]
[1200, 0.22365903854370117]
[1201, 0.23166298866271973]
[1202, 0.21665501594543457]
[1203, 0.21915626525878906]
[1204, 0.27469301223754883]
[1205, 0.23365306854248047]
[1206, 0.24567222595214844]
[1207, 0.20714640617370605]
[1208, 0.23666858673095703]
[1209, 0.2251572608947754]
[1210, 0.23416709899902344]
[1211, 0.2276613712310791]
[1212, 0.21365070343017578]
[1213, 0.24016618728637695]
[1214, 0.22319841384887695]
[1215, 0.25219225883483887]
[1216, 0.22416019439697266]
[1217, 0.23918461799621582]
[1218, 0.22015714645385742]
[1219, 0.22916340827941895]
[1220, 0.22668004035949707]
[1221, 0.213151216506958]
[1222, 0.23066306114196777]
[1223, 0.21665406227111816]
[1224, 0.2576785087585449]
[1225, 0.21914076805114746]
[1226, 0.26468729972839355]
[1227, 0.23566579818725586]
[1228, 0.26468777656555176]
[1229, 0.26718997955322266]
[1230, 0.3212292194366455]
[1231, 0.23816990852355957]
[1232, 0.29619622230529785]
[1233, 0.3592557907104492]
[1234, 0.2356710433959961]
[1235, 0.24821972846984863]
[1236, 0.2851889133453369]
[1237, 0.31022047996520996]
[1238, 0.2897059917449951]
[1239, 0.7085103988647461]
[1240, 0.38427162170410156]
[1241, 0.2661881446838379]
[1242, 0.2351679801940918]
[1243, 0.2466745376586914]
[1244, 0.2786984443664551]
[1245, 0.3107187747955322]
[1246, 0.25269389152526855]
[1247, 0.35625338554382324]
[1248, 0.3182253837585449]
[1249, 0.25267982482910156]
[1250, 0.27219319343566895]
[1251, 0.2877047061920166]
[1252, 0.336226224899292]
[1253, 0.24468731880187988]
[1254, 0.320725679397583]
[1255, 0.34574460983276367]
[1256, 0.24469590187072754]
[1257, 0.25766849517822266]
[1258, 0.27019309997558594]
[1259, 0.26969170570373535]
[1260, 0.23618602752685547]
[1261, 0.25267910957336426]
[1262, 0.2511780261993408]
[1263, 0.44982028007507324]
[1264, 0.39678096771240234]
[1265, 0.2616860866546631]
[1266, 0.29871034622192383]
[1267, 0.25017857551574707]
[1268, 0.23116350173950195]
[1269, 0.2387394905090332]
[1270, 0.23618531227111816]
[1271, 0.2677755355834961]
[1272, 0.30573153495788574]
[1273, 0.29871082305908203]
[1274, 0.3402278423309326]
[1275, 0.3182260990142822]
[1276, 0.34374427795410156]
[1277, 0.3792688846588135]
[1278, 0.5108761787414551]
[1279, 0.5959224700927734]
[1280, 0.5023584365844727]
[1281, 0.4483187198638916]
[1282, 0.38277220726013184]
[1283, 0.33123350143432617]
[1284, 0.4333062171936035]
[1285, 0.4503328800201416]
[1286, 0.33974289894104004]
[1287, 0.41379427909851074]
[1288, 0.2922070026397705]
[1289, 0.43930935859680176]
[1290, 0.36776137351989746]
[1291, 0.4723355770111084]
[1292, 0.2922065258026123]
[1293, 0.30521583557128906]
[1294, 0.3527498245239258]
[1295, 0.3237295150756836]
[1296, 0.26668667793273926]
[1297, 0.24667620658874512]
[1298, 0.25216054916381836]
[1299, 0.29370951652526855]
[1300, 0.3407423496246338]
[1301, 0.27871251106262207]
[1302, 0.27719688415527344]
[1303, 0.3212294578552246]
[1304, 0.2922239303588867]
[1305, 0.29374194145202637]
[1306, 0.3212287425994873]
[1307, 0.2701911926269531]
[1308, 0.3197286128997803]
[1309, 0.2691917419433594]
[1310, 0.31821155548095703]
[1311, 0.2541790008544922]
[1312, 0.2707066535949707]
[1313, 0.3592531681060791]
[1314, 0.2786986827850342]
[1315, 0.2756977081298828]
[1316, 0.32172727584838867]
[1317, 0.3107335567474365]
[1318, 0.24817585945129395]
[1319, 0.2666893005371094]
[1320, 0.26718974113464355]
[1321, 0.2832157611846924]
[1322, 0.2521839141845703]
[1323, 0.29322028160095215]
[1324, 0.5494427680969238]
[1325, 0.47936058044433594]
[1326, 0.5113711357116699]
[1327, 0.5709035396575928]
[1328, 0.5338785648345947]
[1329, 0.2997112274169922]
[1330, 0.35375165939331055]
[1331, 0.34574413299560547]
[1332, 0.27419543266296387]
[1333, 0.259183406829834]
[1334, 0.2687036991119385]
[1335, 0.30571699142456055]
[1336, 0.2927212715148926]
[1337, 0.328747034072876]
[1338, 0.34174108505249023]
[1339, 0.3772900104522705]
[1340, 0.31170225143432617]
[1341, 0.33528566360473633]
[1342, 0.38226819038391113]
[1343, 0.2888298034667969]
[1344, 0.35175037384033203]
[1345, 0.3072192668914795]
[1346, 0.2681896686553955]
[1347, 0.31722235679626465]
[1348, 0.32923388481140137]
[1349, 0.3257288932800293]
[1350, 0.355252742767334]
[1351, 0.34824657440185547]
[1352, 0.3282337188720703]
[1353, 0.3357381820678711]
[1354, 0.3447449207305908]
[1355, 0.2726938724517822]
[1356, 0.3097343444824219]
[1357, 0.28868818283081055]
[1358, 0.2967238426208496]
[1359, 0.2761819362640381]
[1360, 0.2887237071990967]
[1361, 0.2801995277404785]
[1362, 0.27500319480895996]
[1363, 0.3267514705657959]
[1364, 0.5844156742095947]
[1365, 0.5628969669342041]
[1366, 0.32272863388061523]
[1367, 0.2982301712036133]
[1368, 0.3347187042236328]
[1369, 0.5508909225463867]
[1370, 0.4388120174407959]
[1371, 0.49485111236572266]
[1372, 0.3112368583679199]
[1373, 0.30072784423828125]
[1374, 0.5779106616973877]
[1375, 0.4798405170440674]
[1376, 0.43981194496154785]
[1377, 0.5223710536956787]
[1378, 0.47583603858947754]
[1379, 0.3717646598815918]
[1380, 0.40828967094421387]
[1381, 0.417294979095459]
[1382, 0.3643162250518799]
[1383, 0.3692903518676758]
[1384, 0.43230676651000977]
[1385, 0.4172959327697754]
[1386, 0.6839871406555176]
[1387, 0.5468885898590088]
[1388, 0.35222601890563965]
[1389, 0.3087038993835449]
[1390, 0.4007847309112549]
[1391, 0.41078925132751465]
[1392, 0.33673906326293945]
[1393, 0.3242299556732178]
[1394, 0.41079139709472656]
[1395, 0.36325812339782715]
[1396, 0.3427436351776123]
[1397, 0.31123900413513184]
[1398, 0.32473015785217285]
[1399, 0.30322837829589844]
[1400, 0.3332223892211914]
[1401, 0.4122931957244873]
[1402, 0.33023929595947266]
[1403, 0.32324862480163574]
[1404, 0.31222033500671387]
[1405, 0.32224392890930176]
[1406, 0.3072202205657959]
[1407, 0.3572814464569092]
[1408, 0.2992117404937744]
[1409, 0.305234432220459]
[1410, 0.3572530746459961]
[1411, 0.35575294494628906]
[1412, 0.3117070198059082]
[1413, 0.32373046875]
[1414, 0.3097188472747803]
[1415, 0.31824564933776855]
[1416, 0.37976789474487305]
[1417, 0.34124135971069336]
[1418, 0.33673882484436035]
[1419, 0.30071306228637695]
[1420, 0.3167433738708496]
[1421, 0.29068684577941895]
[1422, 0.30673718452453613]
[1423, 0.34374284744262695]
[1424, 0.30620408058166504]
[1425, 0.30571508407592773]
[1426, 0.3327169418334961]
[1427, 0.31972694396972656]
[1428, 0.31725001335144043]
[1429, 0.3377397060394287]
[1430, 0.3263087272644043]
[1431, 0.325300931930542]
[1432, 0.33425235748291016]
[1433, 0.3432433605194092]
[1434, 0.3137226104736328]
[1435, 0.3142216205596924]
[1436, 0.3927795886993408]
[1437, 0.34924793243408203]
[1438, 0.34374308586120605]
[1439, 0.388761043548584]
[1440, 0.3927958011627197]
[1441, 0.5258753299713135]
[1442, 0.4558234214782715]
[1443, 0.33626532554626465]
[1444, 0.37978029251098633]
[1445, 0.3402419090270996]
[1446, 0.3252246379852295]
[1447, 0.33673691749572754]
[1448, 0.30571818351745605]
[1449, 0.33673954010009766]
[1450, 0.38478708267211914]
[1451, 0.433807373046875]
[1452, 0.36777329444885254]
[1453, 0.34373044967651367]
[1454, 0.340740442276001]
[1455, 0.478839635848999]
[1456, 0.3482475280761719]
[1457, 0.3452262878417969]
[1458, 0.5113499164581299]
[1459, 0.5088624954223633]
[1460, 0.3902902603149414]
[1461, 0.4117913246154785]
[1462, 0.3522496223449707]
[1463, 0.33823442459106445]
[1464, 0.32022786140441895]
[1465, 0.33423781394958496]
[1466, 0.4032866954803467]
[1467, 0.33223628997802734]
[1468, 0.41529393196105957]
[1469, 0.4578237533569336]
[1470, 0.37726831436157227]
[1471, 0.3862881660461426]
[1472, 0.3592417240142822]
[1473, 0.34174203872680664]
[1474, 0.3602578639984131]
[1475, 0.3842735290527344]
[1476, 0.47283434867858887]
[1477, 0.4152944087982178]
[1478, 0.3427443504333496]
[1479, 0.5393836498260498]
[1480, 0.50685715675354]
[1481, 0.7310192584991455]
[1482, 0.6244451999664307]
[1483, 0.4608273506164551]
[1484, 0.8085741996765137]
[1485, 0.694993257522583]
[1486, 0.4548227787017822]
[1487, 0.49285030364990234]
[1488, 0.36826229095458984]
[1489, 0.3767678737640381]
[1490, 0.3472273349761963]
[1491, 0.36829113960266113]
[1492, 0.3932785987854004]
[1493, 0.3567674160003662]
[1494, 0.3487539291381836]
[1495, 0.450319766998291]
[1496, 0.39028453826904297]
[1497, 0.46332859992980957]
[1498, 0.44481563568115234]
[1499, 0.3787698745727539]
[1500, 0.3832714557647705]
[1501, 0.3497467041015625]
[1502, 0.36525821685791016]
[1503, 0.3407609462738037]
[1504, 0.35377025604248047]
[1505, 0.3637533187866211]
[1506, 0.33976006507873535]
[1507, 0.34131669998168945]
[1508, 0.4523203372955322]
[1509, 0.33473753929138184]
[1510, 0.3932778835296631]
[1511, 0.3977820873260498]
[1512, 0.35526466369628906]
[1513, 0.4183769226074219]
[1514, 0.43782639503479004]
[1515, 0.4147801399230957]
[1516, 0.37277889251708984]
[1517, 0.3357720375061035]
[1518, 0.35724854469299316]
[1519, 0.40927624702453613]
[1520, 0.35376954078674316]
[1521, 0.445812463760376]
[1522, 0.3762688636779785]
[1523, 0.3902924060821533]
[1524, 0.4022836685180664]
[1525, 0.42530345916748047]
[1526, 0.422299861907959]
[1527, 0.4553241729736328]
[1528, 0.40628862380981445]
[1529, 0.43481969833374023]
[1530, 0.36575937271118164]
[1531, 0.3833909034729004]
[1532, 0.3897581100463867]
[1533, 0.3512535095214844]
[1534, 0.36575889587402344]
[1535, 0.3712444305419922]
[1536, 0.35828399658203125]
[1537, 0.3707449436187744]
[1538, 0.36678004264831543]
[1539, 0.5363948345184326]
[1540, 0.43280816078186035]
[1541, 0.44481515884399414]
[1542, 0.4033010005950928]
[1543, 0.42981958389282227]
[1544, 0.4958527088165283]
[1545, 0.5158679485321045]
[1546, 0.42280054092407227]
[1547, 0.4368250370025635]
[1548, 0.3937802314758301]
[1549, 0.4127941131591797]
[1550, 0.5799109935760498]
[1551, 0.4248158931732178]
[1552, 0.457324743270874]
[1553, 0.614936351776123]
[1554, 0.4318063259124756]
[1555, 0.3708310127258301]
[1556, 0.44881486892700195]
[1557, 0.3772544860839844]
[1558, 0.38028573989868164]
[1559, 0.40935802459716797]
[1560, 0.38726186752319336]
[1561, 0.6754798889160156]
[1562, 0.5478880405426025]
[1563, 0.43636012077331543]
[1564, 0.3888213634490967]
[1565, 0.37728285789489746]
[1566, 0.48984861373901367]
[1567, 0.4628291130065918]
[1568, 0.5744080543518066]
[1569, 0.6474604606628418]
[1570, 0.5524063110351562]
[1571, 0.6684622764587402]
[1572, 0.6684730052947998]
[1573, 0.4192984104156494]
[1574, 0.7695472240447998]
[1575, 0.3993339538574219]
[1576, 0.3802909851074219]
[1577, 0.569403886795044]
[1578, 0.3882753849029541]
[1579, 0.5464029312133789]
[1580, 0.39231204986572266]
[1581, 0.5289278030395508]
[1582, 0.39676713943481445]
[1583, 0.5929210186004639]
[1584, 0.63395094871521]
[1585, 0.4013230800628662]
[1586, 0.4247875213623047]
[1587, 0.37575340270996094]
[1588, 0.42928624153137207]
[1589, 0.491363525390625]
[1590, 0.5514824390411377]
[1591, 0.4798407554626465]
[1592, 0.530376672744751]
[1593, 0.568917989730835]
[1594, 0.39728593826293945]
[1595, 0.4082961082458496]
[1596, 0.38280296325683594]
[1597, 0.3957998752593994]
[1598, 0.4033045768737793]
[1599, 0.38175511360168457]
[1600, 0.43230748176574707]
[1601, 0.4333069324493408]
[1602, 0.3952805995941162]
[1603, 0.4127936363220215]
[1604, 0.40578556060791016]
[1605, 0.5568959712982178]
[1606, 0.40680551528930664]
[1607, 0.39928221702575684]
[1608, 0.401782751083374]
[1609, 0.3907921314239502]
[1610, 0.43643903732299805]
[1611, 0.38977527618408203]
[1612, 0.4408116340637207]
[1613, 0.6599693298339844]
[1614, 0.6404538154602051]
[1615, 0.4893472194671631]
[1616, 0.48082661628723145]
[1617, 0.44231319427490234]
[1618, 0.46881723403930664]
[1619, 0.5904178619384766]
[1620, 0.6769788265228271]
[1621, 0.7740490436553955]
[1622, 0.6890034675598145]
[1623, 0.4883439540863037]
[1624, 0.4433329105377197]
[1625, 0.4357912540435791]
[1626, 0.4648435115814209]
[1627, 0.47432398796081543]
[1628, 0.5824134349822998]
[1629, 0.44431447982788086]
[1630, 0.47084617614746094]
[1631, 0.6019279956817627]
[1632, 0.566403865814209]
[1633, 0.565901517868042]
[1634, 0.5899202823638916]
[1635, 0.505856990814209]
[1636, 0.5919189453125]
[1637, 0.5378813743591309]
[1638, 0.5588829517364502]
[1639, 0.46833229064941406]
[1640, 0.5238723754882812]
[1641, 0.40792059898376465]
[1642, 0.42580270767211914]
[1643, 0.41683125495910645]
[1644, 0.43781208992004395]
[1645, 0.42129993438720703]
[1646, 0.4097919464111328]
[1647, 0.527874231338501]
[1648, 0.49735283851623535]
[1649, 0.4293036460876465]
[1650, 0.4218711853027344]
[1651, 0.4197990894317627]
[1652, 0.4393119812011719]
[1653, 0.421795129776001]
[1654, 0.5799129009246826]
[1655, 0.41379475593566895]
[1656, 0.41379284858703613]
[1657, 0.4358072280883789]
[1658, 0.4553239345550537]
[1659, 0.5213828086853027]
[1660, 0.4503178596496582]
[1661, 0.47188854217529297]
[1662, 0.48084187507629395]
[1663, 0.47884058952331543]
[1664, 0.5349040031433105]
[1665, 0.45385003089904785]
[1666, 0.4318246841430664]
[1667, 0.45632433891296387]
[1668, 0.486344575881958]
[1669, 0.41730213165283203]
[1670, 0.461881160736084]
[1671, 0.44031310081481934]
[1672, 0.45432257652282715]
[1673, 0.4373207092285156]
[1674, 0.5003376007080078]
[1675, 0.5173664093017578]
[1676, 0.43332576751708984]
[1677, 0.4578251838684082]
[1678, 0.4183046817779541]
[1679, 0.5033602714538574]
[1680, 0.45589566230773926]
[1681, 0.4923551082611084]
[1682, 1.2163643836975098]
[1683, 0.8896312713623047]
[1684, 1.214362382888794]
[1685, 1.3194358348846436]
[1686, 0.6304469108581543]
[1687, 0.4743373394012451]
[1688, 0.4553234577178955]
[1689, 0.7980532646179199]
[1690, 0.6304473876953125]
[1691, 0.8140757083892822]
[1692, 0.592942476272583]
[1693, 0.741527795791626]
[1694, 0.5659008026123047]
[1695, 0.48535871505737305]
[1696, 0.44837355613708496]
[1697, 0.4528210163116455]
[1698, 0.4608907699584961]
[1699, 0.4503188133239746]
[1700, 0.45382142066955566]
[1701, 0.4653308391571045]
[1702, 0.49685144424438477]
[1703, 0.4723358154296875]
[1704, 0.47833871841430664]
[1705, 0.4458155632019043]
[1706, 0.4593379497528076]
[1707, 0.46632981300354004]
[1708, 0.46831488609313965]
[1709, 0.5018370151519775]
[1710, 0.5048577785491943]
[1711, 0.4608266353607178]
[1712, 0.5278747081756592]
[1713, 0.7845418453216553]
[1714, 0.6054303646087646]
[1715, 0.7165098190307617]
[1716, 1.2253706455230713]
[1717, 0.666973352432251]
[1718, 0.5764305591583252]
[1719, 0.47934412956237793]
[1720, 0.6469581127166748]
[1721, 0.7735497951507568]
[1722, 0.6519625186920166]
[1723, 0.6794824600219727]
[1724, 0.5038583278656006]
[1725, 0.45181965827941895]
[1726, 0.4363272190093994]
[1727, 0.44481468200683594]
[1728, 0.47783780097961426]
[1729, 0.5318765640258789]
[1730, 0.45632386207580566]
[1731, 0.44033193588256836]
[1732, 0.46037888526916504]
[1733, 0.45131993293762207]
[1734, 0.4743363857269287]
[1735, 0.47083330154418945]
[1736, 0.46331095695495605]
[1737, 0.5904183387756348]
[1738, 0.5949194431304932]
[1739, 0.5628993511199951]
[1740, 0.5384013652801514]
[1741, 0.5350728034973145]
[1742, 0.5814089775085449]
[1743, 0.48738598823547363]
[1744, 0.45981287956237793]
[1745, 0.6954953670501709]
[1746, 0.5439743995666504]
[1747, 0.4678494930267334]
[1748, 0.47182273864746094]
[1749, 0.44931697845458984]
[1750, 0.571906566619873]
[1751, 0.6279449462890625]
[1752, 0.5508921146392822]
[1753, 0.4648289680480957]
[1754, 0.47331809997558594]
[1755, 0.48282814025878906]
[1756, 0.4893312454223633]
[1757, 0.4939088821411133]
[1758, 0.48033952713012695]
[1759, 0.4628324508666992]
[1760, 0.4743170738220215]
[1761, 0.4823615550994873]
[1762, 0.4728355407714844]
[1763, 0.47885799407958984]
[1764, 0.5348556041717529]
[1765, 0.47583794593811035]
[1766, 0.48282337188720703]
[1767, 0.5684010982513428]
[1768, 0.48284029960632324]
[1769, 0.47834277153015137]
[1770, 0.4868299961090088]
[1771, 0.4818284511566162]
[1772, 0.48034071922302246]
[1773, 0.48589110374450684]
[1774, 0.4743385314941406]
[1775, 0.48236584663391113]
[1776, 0.4983522891998291]
[1777, 0.5194699764251709]
[1778, 0.4678335189819336]
[1779, 0.49233102798461914]
[1780, 0.4848601818084717]
[1781, 0.4863460063934326]
[1782, 0.5398845672607422]
[1783, 0.702045202255249]
[1784, 0.5073602199554443]
[1785, 0.48635005950927734]
[1786, 0.48984742164611816]
[1787, 0.58841872215271]
[1788, 0.5563948154449463]
[1789, 0.4798586368560791]
[1790, 0.501838207244873]
[1791, 0.49285006523132324]
[1792, 0.6345212459564209]
[1793, 0.7019979953765869]
[1794, 0.7910623550415039]
[1795, 0.917651891708374]
[1796, 0.6114671230316162]
[1797, 0.5043516159057617]
[1798, 0.5338597297668457]
[1799, 0.7510342597961426]
[1800, 0.6119349002838135]
[1801, 0.5222141742706299]
[1802, 0.5073778629302979]
[1803, 0.48734211921691895]
[1804, 0.6550602912902832]
[1805, 1.0942769050598145]
[1806, 0.7715468406677246]
[1807, 0.5538938045501709]
[1808, 0.5028572082519531]
[1809, 0.49587130546569824]
[1810, 0.4793212413787842]
[1811, 0.5218698978424072]
[1812, 0.5008349418640137]
[1813, 0.5704126358032227]
[1814, 0.5058608055114746]
[1815, 0.4938504695892334]
[1816, 0.4938817024230957]
[1817, 0.5083801746368408]
[1818, 0.502856969833374]
[1819, 0.4878659248352051]
[1820, 0.5078425407409668]
[1821, 0.506340742111206]
[1822, 0.5038585662841797]
[1823, 0.5013382434844971]
[1824, 0.5429470539093018]
[1825, 0.49785375595092773]
[1826, 0.5138461589813232]
[1827, 0.4958517551422119]
[1828, 0.5578775405883789]
[1829, 0.5378966331481934]
[1830, 0.5033426284790039]
[1831, 0.5028555393218994]
[1832, 0.5113756656646729]
[1833, 0.5123648643493652]
[1834, 0.5093412399291992]
[1835, 0.6239755153656006]
[1836, 0.8991415500640869]
[1837, 1.0997810363769531]
[1838, 0.775550365447998]
[1839, 0.5298898220062256]
[1840, 0.6535346508026123]
[1841, 0.6399533748626709]
[1842, 0.8145773410797119]
[1843, 0.723013162612915]
[1844, 0.5218894481658936]
[1845, 0.5213890075683594]
[1846, 0.48233962059020996]
[1847, 0.6104147434234619]
[1848, 0.5333776473999023]
[1849, 0.5058820247650146]
[1850, 0.4818439483642578]
[1851, 0.5078606605529785]
[1852, 0.5028553009033203]
[1853, 0.5103428363800049]
[1854, 0.53090500831604]
[1855, 0.9801959991455078]
[1856, 0.8241133689880371]
[1857, 0.5424041748046875]
[1858, 0.4988718032836914]
[1859, 0.5123805999755859]
[1860, 0.49234938621520996]
[1861, 0.5168783664703369]
[1862, 0.5223896503448486]
[1863, 0.5844326019287109]
[1864, 0.5589103698730469]
[1865, 0.5209479331970215]
[1866, 0.5109784603118896]
[1867, 0.5393815040588379]
[1868, 0.5213503837585449]
[1869, 0.5208513736724854]
[1870, 0.5008556842803955]
[1871, 0.5594229698181152]
[1872, 0.5949208736419678]
[1873, 0.5714046955108643]
[1874, 0.543886661529541]
[1875, 0.5378627777099609]
[1876, 0.5243902206420898]
[1877, 0.5558762550354004]
[1878, 0.549891471862793]
[1879, 0.5519437789916992]
[1880, 0.6050446033477783]
[1881, 0.5469050407409668]
[1882, 0.5213892459869385]
[1883, 0.544886589050293]
[1884, 0.5214102268218994]
[1885, 0.5374541282653809]
[1886, 0.5113606452941895]
[1887, 0.5684037208557129]
[1888, 0.5164413452148438]
[1889, 0.536442756652832]
[1890, 0.5488715171813965]
[1891, 0.5464072227478027]
[1892, 0.5558955669403076]
[1893, 0.5483899116516113]
[1894, 0.52435302734375]
[1895, 0.5123648643493652]
[1896, 0.5258750915527344]
[1897, 0.515364408493042]
[1898, 0.5553948879241943]
[1899, 0.6099317073822021]
[1900, 0.5919208526611328]
[1901, 0.6044270992279053]
[1902, 0.5839142799377441]
[1903, 0.5194380283355713]
[1904, 0.5184035301208496]
[1905, 0.5413851737976074]
[1906, 0.5538735389709473]
[1907, 0.5664019584655762]
[1908, 0.7575221061706543]
[1909, 0.7105050086975098]
[1910, 0.758554220199585]
[1911, 0.6219394207000732]
[1912, 0.8271288871765137]
[1913, 0.6429567337036133]
[1914, 0.7941155433654785]
[1915, 1.3319447040557861]
[1916, 0.8511180877685547]
[1917, 0.6284470558166504]
[1918, 0.6494598388671875]
[1919, 0.6529629230499268]
[1920, 0.5418844223022461]
[1921, 0.5508852005004883]
[1922, 0.6164374351501465]
[1923, 0.5674216747283936]
[1924, 0.7825338840484619]
[1925, 0.5644028186798096]
[1926, 0.7156894207000732]
[1927, 0.5924811363220215]
[1928, 0.5555112361907959]
[1929, 0.5879168510437012]
[1930, 0.6659722328186035]
[1931, 0.5984251499176025]
[1932, 0.5703856945037842]
[1933, 0.5860190391540527]
[1934, 0.5974249839782715]
[1935, 0.578911304473877]
[1936, 0.553891658782959]
[1937, 0.5684223175048828]
[1938, 0.5794696807861328]
[1939, 0.57802414894104]
[1940, 0.6200354099273682]
[1941, 0.6169693470001221]
[1942, 0.5674026012420654]
[1943, 0.5794293880462646]
[1944, 0.5780181884765625]
[1945, 0.6599686145782471]
[1946, 0.5729067325592041]
[1947, 0.5574142932891846]
[1948, 0.5509099960327148]
[1949, 0.5944411754608154]
[1950, 0.5894191265106201]
[1951, 0.5804133415222168]
[1952, 0.5704038143157959]
[1953, 0.6029434204101562]
[1954, 0.6029136180877686]
[1955, 0.594407320022583]
[1956, 0.6309494972229004]
[1957, 0.6109333038330078]
[1958, 0.7290034294128418]
[1959, 0.6209607124328613]
[1960, 0.6019260883331299]
[1961, 0.5869758129119873]
[1962, 0.5683846473693848]
[1963, 0.5994060039520264]
[1964, 0.6094326972961426]
[1965, 0.7285003662109375]
[1966, 0.7755496501922607]
[1967, 0.6534643173217773]
[1968, 0.6059451103210449]
[1969, 0.5949981212615967]
[1970, 0.643500804901123]
[1971, 0.6424572467803955]
[1972, 0.6299619674682617]
[1973, 0.6069326400756836]
[1974, 0.595905065536499]
[1975, 0.595421314239502]
[1976, 0.5889191627502441]
[1977, 0.584240198135376]
[1978, 0.5859346389770508]
[1979, 0.587416410446167]
[1980, 0.7250237464904785]
[1981, 0.8991351127624512]
[1982, 0.6119201183319092]
[1983, 0.6059300899505615]
[1984, 0.5960841178894043]
[1985, 0.5868959426879883]
[1986, 0.6229407787322998]
[1987, 0.6059303283691406]
[1988, 0.6080532073974609]
[1989, 0.7130420207977295]
[1990, 0.6234438419342041]
[1991, 0.6139500141143799]
[1992, 0.6954941749572754]
[1993, 0.5979244709014893]
[1994, 0.6014072895050049]
[1995, 0.5849151611328125]
[1996, 0.6074309349060059]
[1997, 0.6039266586303711]
[1998, 0.6364333629608154]
[1999, 0.6549849510192871]
[2000, 0.6159484386444092]
[2001, 0.6159372329711914]
[2002, 0.6014447212219238]
[2003, 0.6019294261932373]
[2004, 0.6099903583526611]
[2005, 0.6094529628753662]
[2006, 0.6129355430603027]
[2007, 0.5959210395812988]
[2008, 0.723494291305542]
[2009, 0.9411683082580566]
[2010, 0.7355220317840576]
[2011, 0.8316056728363037]
[2012, 0.6686115264892578]
[2013, 0.6384530067443848]
[2014, 0.8876309394836426]
[2015, 0.727001428604126]
[2016, 0.763108491897583]
[2017, 0.7670440673828125]
[2018, 0.7510333061218262]
[2019, 0.9361667633056641]
[2020, 0.6879887580871582]
[2021, 0.8501169681549072]
[2022, 0.7115211486816406]
[2023, 0.7290024757385254]
[2024, 1.0932769775390625]
[2025, 0.8290879726409912]
[2026, 0.8691163063049316]
[2027, 0.7425522804260254]
[2028, 0.6924927234649658]
[2029, 0.6339645385742188]
[2030, 0.6385011672973633]
[2031, 0.6514897346496582]
[2032, 0.6954953670501709]
[2033, 0.653965950012207]
[2034, 0.6665172576904297]
[2035, 0.6814885139465332]
[2036, 0.6545059680938721]
[2037, 0.638969898223877]
[2038, 0.6944928169250488]
[2039, 0.6384391784667969]
[2040, 0.7935643196105957]
[2041, 0.6639714241027832]
[2042, 0.6599690914154053]
[2043, 0.7135202884674072]
[2044, 0.722524881362915]
[2045, 0.7009785175323486]
[2046, 0.9406688213348389]
[2047, 1.1823949813842773]
[2048, 0.8055713176727295]
[2049, 0.7075419425964355]
[2050, 0.6360430717468262]
[2051, 0.6339309215545654]
[2052, 0.6885261535644531]
[2053, 0.7110090255737305]
[2054, 0.7270364761352539]
[2055, 0.6279656887054443]
[2056, 0.6404647827148438]
[2057, 0.6834621429443359]
[2058, 0.7445282936096191]
[2059, 0.6546132564544678]
[2060, 0.7535347938537598]
[2061, 0.6789777278900146]
[2062, 0.9291458129882812]
[2063, 0.7335231304168701]
[2064, 0.6774978637695312]
[2065, 0.6494593620300293]
[2066, 0.6461212635040283]
[2067, 0.6624679565429688]
[2068, 0.6449415683746338]
[2069, 0.6474595069885254]
[2070, 0.6684556007385254]
[2071, 0.6629838943481445]
[2072, 0.6389691829681396]
[2073, 0.657949686050415]
[2074, 0.653982400894165]
[2075, 0.724524736404419]
[2076, 0.6774806976318359]
[2077, 0.6575493812561035]
[2078, 0.6634552478790283]
[2079, 0.6759810447692871]
[2080, 0.7124929428100586]
[2081, 0.8971514701843262]
[2082, 0.6945288181304932]
[2083, 0.6639721393585205]
[2084, 0.6729793548583984]
[2085, 0.6524655818939209]
[2086, 0.678980827331543]
[2087, 0.6945071220397949]
[2088, 0.6753044128417969]
[2089, 0.6580085754394531]
[2090, 0.6669559478759766]
[2091, 0.6554470062255859]
[2092, 0.6780028343200684]
[2093, 0.680506706237793]
[2094, 0.6784958839416504]
[2095, 0.6815016269683838]
[2096, 0.7280130386352539]
[2097, 0.6929786205291748]
[2098, 0.6734657287597656]
[2099, 0.6789593696594238]
[2100, 0.8676156997680664]
[2101, 0.8671305179595947]
[2102, 0.7715470790863037]
[2103, 0.8060719966888428]
[2104, 0.911628007888794]
[2105, 0.9501898288726807]
[2106, 1.2553904056549072]
[2107, 0.9686863422393799]
[2108, 1.1152913570404053]
[2109, 0.7460436820983887]
[2110, 0.8206160068511963]
[2111, 1.2248682975769043]
[2112, 1.00921630859375]
[2113, 1.0847687721252441]
[2114, 0.8996460437774658]
[2115, 1.155320644378662]
[2116, 0.7956016063690186]
[2117, 0.9831967353820801]
[2118, 0.8671166896820068]
[2119, 0.8325910568237305]
[2120, 0.8355929851531982]
[2121, 0.785057544708252]
[2122, 0.770045280456543]
[2123, 1.0382366180419922]
[2124, 0.7520341873168945]
[2125, 0.8476200103759766]
[2126, 0.842644453048706]
[2127, 0.8581113815307617]
[2128, 0.8085741996765137]
[2129, 1.052746057510376]
[2130, 0.7080023288726807]
[2131, 0.8571243286132812]
[2132, 0.7815632820129395]
[2133, 0.7245149612426758]
