[0, 0.0]
[1, 0.0]
[2, 0.0]
[3, 0.0]
[4, 0.0]
[5, 0.0]
[6, 0.0]
[7, 0.0]
[8, 0.0]
[9, 0.0005002021789550781]
[10, 0.0]
[11, 0.0]
[12, 0.0]
[13, 0.0]
[14, 0.0]
[15, 0.0]
[16, 0.0]
[17, 0.0]
[18, 0.0]
[19, 0.0]
[20, 0.0]
[21, 0.0]
[22, 0.0]
[23, 0.0]
[24, 0.0]
[25, 0.0]
[26, 0.0]
[27, 0.0]
[28, 0.0]
[29, 0.0]
[30, 0.0]
[31, 0.0005004405975341797]
[32, 0.0]
[33, 0.0005190372467041016]
[34, 0.0]
[35, 0.00048160552978515625]
[36, 0.0]
[37, 0.0]
[38, 0.0]
[39, 0.0]
[40, 0.0]
[41, 0.0]
[42, 0.0]
[43, 0.0005013942718505859]
[44, 0.0]
[45, 0.0]
[46, 0.0]
[47, 0.0]
[48, 0.0]
[49, 0.0]
[50, 0.0004999637603759766]
[51, 0.0]
[52, 0.0005006790161132812]
[53, 0.0]
[54, 0.0]
[55, 0.0005011558532714844]
[56, 0.0]
[57, 0.0004975795745849609]
[58, 0.0004980564117431641]
[59, 0.0]
[60, 0.0]
[61, 0.0005195140838623047]
[62, 0.0]
[63, 0.0]
[64, 0.0]
[65, 0.0005004405975341797]
[66, 0.0005002021789550781]
[67, 0.0]
[68, 0.0]
[69, 0.0]
[70, 0.000499725341796875]
[71, 0.0005002021789550781]
[72, 0.00048351287841796875]
[73, 0.0005002021789550781]
[74, 0.0004999637603759766]
[75, 0.0005006790161132812]
[76, 0.0004985332489013672]
[77, 0.0005016326904296875]
[78, 0.0005006790161132812]
[79, 0.0009999275207519531]
[80, 0.0010006427764892578]
[81, 0.0015015602111816406]
[82, 0.000499725341796875]
[83, 0.0004973411560058594]
[84, 0.0005030632019042969]
[85, 0.0]
[86, 0.0]
[87, 0.0]
[88, 0.0005006790161132812]
[89, 0.0005004405975341797]
[90, 0.0005002021789550781]
[91, 0.000499725341796875]
[92, 0.0005011558532714844]
[93, 0.0005004405975341797]
[94, 0.000499725341796875]
[95, 0.0005006790161132812]
[96, 0.0005004405975341797]
[97, 0.0]
[98, 0.0005004405975341797]
[99, 0.0004987716674804688]
[100, 0.0005030632019042969]
[101, 0.0005180835723876953]
[102, 0.0005004405975341797]
[103, 0.0005011558532714844]
[104, 0.0004992485046386719]
[105, 0.0005006790161132812]
[106, 0.00048279762268066406]
[107, 0.0004980564117431641]
[108, 0.0004994869232177734]
[109, 0.0005004405975341797]
[110, 0.000499725341796875]
[111, 0.001001119613647461]
[112, 0.0005192756652832031]
[113, 0.001001119613647461]
[114, 0.000499725341796875]
[115, 0.0004992485046386719]
[116, 0.0014834403991699219]
[117, 0.0005004405975341797]
[118, 0.0015006065368652344]
[119, 0.0009989738464355469]
[120, 0.0009999275207519531]
[121, 0.0010197162628173828]
[122, 0.0010004043579101562]
[123, 0.000499725341796875]
[124, 0.0004999637603759766]
[125, 0.0005002021789550781]
[126, 0.0005002021789550781]
[127, 0.0005002021789550781]
[128, 0.0009818077087402344]
[129, 0.0010020732879638672]
[130, 0.0010151863098144531]
[131, 0.0010008811950683594]
[132, 0.0010008811950683594]
[133, 0.0009818077087402344]
[134, 0.0009999275207519531]
[135, 0.0010006427764892578]
[136, 0.0005004405975341797]
[137, 0.0010001659393310547]
[138, 0.0005006790161132812]
[139, 0.0010006427764892578]
[140, 0.0010006427764892578]
[141, 0.0010008811950683594]
[142, 0.0010001659393310547]
[143, 0.0005004405975341797]
[144, 0.0010008811950683594]
[145, 0.0009951591491699219]
[146, 0.000982522964477539]
[147, 0.00099945068359375]
[148, 0.000499725341796875]
[149, 0.0009999275207519531]
[150, 0.0010001659393310547]
[151, 0.0009999275207519531]
[152, 0.0009984970092773438]
[153, 0.0010197162628173828]
[154, 0.0010004043579101562]
[155, 0.0010006427764892578]
[156, 0.0009818077087402344]
[157, 0.0010004043579101562]
[158, 0.0015194416046142578]
[159, 0.0014827251434326172]
[160, 0.0010008811950683594]
[161, 0.0009989738464355469]
[162, 0.0010006427764892578]
[163, 0.001520395278930664]
[164, 0.001001596450805664]
[165, 0.0010001659393310547]
[166, 0.0015003681182861328]
[167, 0.0015206336975097656]
[168, 0.001018524169921875]
[169, 0.0015017986297607422]
[170, 0.0014810562133789062]
[171, 0.0020160675048828125]
[172, 0.0010051727294921875]
[173, 0.0015010833740234375]
[174, 0.0019822120666503906]
[175, 0.0010001659393310547]
[176, 0.0014824867248535156]
[177, 0.0030035972595214844]
[178, 0.0015001296997070312]
[179, 0.0015003681182861328]
[180, 0.002001047134399414]
[181, 0.0015001296997070312]
[182, 0.0009996891021728516]
[183, 0.002020597457885742]
[184, 0.0014996528625488281]
[185, 0.001519918441772461]
[186, 0.0015056133270263672]
[187, 0.0014996528625488281]
[188, 0.001500844955444336]
[189, 0.0014815330505371094]
[190, 0.002013683319091797]
[191, 0.001506805419921875]
[192, 0.0015015602111816406]
[193, 0.0020055770874023438]
[194, 0.001977682113647461]
[195, 0.0019998550415039062]
[196, 0.0015006065368652344]
[197, 0.0020012855529785156]
[198, 0.0024826526641845703]
[199, 0.0020008087158203125]
[200, 0.0015001296997070312]
[201, 0.002000570297241211]
[202, 0.0020203590393066406]
[203, 0.0019795894622802734]
[204, 0.0015003681182861328]
[205, 0.0020012855529785156]
[206, 0.0030031204223632812]
[207, 0.0019986629486083984]
[208, 0.0015003681182861328]
[209, 0.002001047134399414]
[210, 0.0020220279693603516]
[211, 0.002519369125366211]
[212, 0.0019826889038085938]
[213, 0.0025017261505126953]
[214, 0.0025014877319335938]
[215, 0.002000570297241211]
[216, 0.002000570297241211]
[217, 0.0024857521057128906]
[218, 0.0019991397857666016]
[219, 0.002500772476196289]
[220, 0.002000570297241211]
[221, 0.002501249313354492]
[222, 0.0020008087158203125]
[223, 0.0030014514923095703]
[224, 0.0019822120666503906]
[225, 0.002501249313354492]
[226, 0.0020003318786621094]
[227, 0.0020008087158203125]
[228, 0.004502534866333008]
[229, 0.0025014877319335938]
[230, 0.002000570297241211]
[231, 0.002020120620727539]
[232, 0.0024802684783935547]
[233, 0.003002166748046875]
[234, 0.0029840469360351562]
[235, 0.0025010108947753906]
[236, 0.002500772476196289]
[237, 0.002500295639038086]
[238, 0.0020017623901367188]
[239, 0.002501964569091797]
[240, 0.0025055408477783203]
[241, 0.002483367919921875]
[242, 0.002500772476196289]
[243, 0.003001689910888672]
[244, 0.00250244140625]
[245, 0.0025014877319335938]
[246, 0.002500295639038086]
[247, 0.003985166549682617]
[248, 0.002984285354614258]
[249, 0.0030012130737304688]
[250, 0.0024971961975097656]
[251, 0.0029838085174560547]
[252, 0.003000497817993164]
[253, 0.003020048141479492]
[254, 0.003002166748046875]
[255, 0.0029823780059814453]
[256, 0.0025017261505126953]
[257, 0.003502368927001953]
[258, 0.0030014514923095703]
[259, 0.003002166748046875]
[260, 0.003002166748046875]
[261, 0.003489255905151367]
[262, 0.003502368927001953]
[263, 0.002983570098876953]
[264, 0.0030014514923095703]
[265, 0.003000974655151367]
[266, 0.0035004615783691406]
[267, 0.0035049915313720703]
[268, 0.003500699996948242]
[269, 0.003002643585205078]
[270, 0.004001140594482422]
[271, 0.0030019283294677734]
[272, 0.003002166748046875]
[273, 0.003521442413330078]
[274, 0.0035026073455810547]
[275, 0.003484964370727539]
[276, 0.004002809524536133]
[277, 0.003503084182739258]
[278, 0.0034847259521484375]
[279, 0.0035195350646972656]
[280, 0.003501415252685547]
[281, 0.003505229949951172]
[282, 0.003519773483276367]
[283, 0.0045206546783447266]
[284, 0.0035026073455810547]
[285, 0.0035033226013183594]
[286, 0.004003047943115234]
[287, 0.004016399383544922]
[288, 0.00350189208984375]
[289, 0.003482818603515625]
[290, 0.004002094268798828]
[291, 0.0034825801849365234]
[292, 0.004002571105957031]
[293, 0.005023479461669922]
[294, 0.0035026073455810547]
[295, 0.004503488540649414]
[296, 0.004002571105957031]
[297, 0.003985166549682617]
[298, 0.00452113151550293]
[299, 0.0039827823638916016]
[300, 0.004021644592285156]
[301, 0.004003286361694336]
[302, 0.004004240036010742]
[303, 0.004484653472900391]
[304, 0.004502534866333008]
[305, 0.004519939422607422]
[306, 0.004009723663330078]
[307, 0.00397801399230957]
[308, 0.0040018558502197266]
[309, 0.004002094268798828]
[310, 0.0045032501220703125]
[311, 0.005486249923706055]
[312, 0.004002809524536133]
[313, 0.004500865936279297]
[314, 0.004483461380004883]
[315, 0.004521369934082031]
[316, 0.004982709884643555]
[317, 0.00550532341003418]
[318, 0.004525423049926758]
[319, 0.004494190216064453]
[320, 0.004502773284912109]
[321, 0.00400233268737793]
[322, 0.0039827823638916016]
[323, 0.004503726959228516]
[324, 0.004984617233276367]
[325, 0.005004167556762695]
[326, 0.004503726959228516]
[327, 0.004502773284912109]
[328, 0.0045032501220703125]
[329, 0.0050029754638671875]
[330, 0.005027294158935547]
[331, 0.004502058029174805]
[332, 0.005020618438720703]
[333, 0.004985332489013672]
[334, 0.005501747131347656]
[335, 0.005002260208129883]
[336, 0.005502462387084961]
[337, 0.0045011043548583984]
[338, 0.007520914077758789]
[339, 0.005004167556762695]
[340, 0.005483865737915039]
[341, 0.005022525787353516]
[342, 0.005484819412231445]
[343, 0.006004810333251953]
[344, 0.005504131317138672]
[345, 0.006003856658935547]
[346, 0.006500244140625]
[347, 0.005514383316040039]
[348, 0.005484342575073242]
[349, 0.006502866744995117]
[350, 0.005003213882446289]
[351, 0.0064849853515625]
[352, 0.0060040950775146484]
[353, 0.006003618240356445]
[354, 0.005501270294189453]
[355, 0.006005525588989258]
[356, 0.0059964656829833984]
[357, 0.005504131317138672]
[358, 0.006486654281616211]
[359, 0.007003307342529297]
[360, 0.006523847579956055]
[361, 0.005523204803466797]
[362, 0.006518840789794922]
[363, 0.007005214691162109]
[364, 0.013009071350097656]
[365, 0.01100778579711914]
[366, 0.01000666618347168]
[367, 0.009024858474731445]
[368, 0.009487628936767578]
[369, 0.010007858276367188]
[370, 0.00750422477722168]
[371, 0.00750732421875]
[372, 0.009004831314086914]
[373, 0.009505987167358398]
[374, 0.006521940231323242]
[375, 0.007004737854003906]
[376, 0.01050877571105957]
[377, 0.007005453109741211]
[378, 0.009507894515991211]
[379, 0.009005546569824219]
[380, 0.007005214691162109]
[381, 0.007004737854003906]
[382, 0.009006738662719727]
[383, 0.008507251739501953]
[384, 0.010506391525268555]
[385, 0.009506464004516602]
[386, 0.008005380630493164]
[387, 0.007004261016845703]
[388, 0.00800323486328125]
[389, 0.007004976272583008]
[390, 0.010005950927734375]
[391, 0.009506940841674805]
[392, 0.008006095886230469]
[393, 0.008505582809448242]
[394, 0.010005474090576172]
[395, 0.007505178451538086]
[396, 0.010505914688110352]
[397, 0.012507915496826172]
[398, 0.007506608963012695]
[399, 0.007005214691162109]
[400, 0.007504463195800781]
[401, 0.009508848190307617]
[402, 0.010005474090576172]
[403, 0.011008501052856445]
[404, 0.008002996444702148]
[405, 0.00800776481628418]
[406, 0.008003711700439453]
[407, 0.009509801864624023]
[408, 0.010509729385375977]
[409, 0.007532358169555664]
[410, 0.008006095886230469]
[411, 0.008526325225830078]
[412, 0.00848531723022461]
[413, 0.01050877571105957]
[414, 0.011007547378540039]
[415, 0.010026216506958008]
[416, 0.008486270904541016]
[417, 0.011005401611328125]
[418, 0.010486602783203125]
[419, 0.008025169372558594]
[420, 0.012008905410766602]
[421, 0.012522220611572266]
[422, 0.008005857467651367]
[423, 0.008524179458618164]
[424, 0.009006977081298828]
[425, 0.009006500244140625]
[426, 0.014508962631225586]
[427, 0.008484125137329102]
[428, 0.00850367546081543]
[429, 0.008505582809448242]
[430, 0.014494180679321289]
[431, 0.015009164810180664]
[432, 0.00952458381652832]
[433, 0.00848698616027832]
[434, 0.010488271713256836]
[435, 0.010507583618164062]
[436, 0.012509822845458984]
[437, 0.013509750366210938]
[438, 0.009503364562988281]
[439, 0.012508392333984375]
[440, 0.009505033493041992]
[441, 0.011508703231811523]
[442, 0.014009475708007812]
[443, 0.010027885437011719]
[444, 0.010505437850952148]
[445, 0.009024381637573242]
[446, 0.011509418487548828]
[447, 0.012812614440917969]
[448, 0.010008096694946289]
[449, 0.009027242660522461]
[450, 0.01101231575012207]
[451, 0.015011072158813477]
[452, 0.010527849197387695]
[453, 0.009507894515991211]
[454, 0.009505271911621094]
[455, 0.014009714126586914]
[456, 0.01751232147216797]
[457, 0.009507417678833008]
[458, 0.014518499374389648]
[459, 0.009507417678833008]
[460, 0.012510061264038086]
[461, 0.010006189346313477]
[462, 0.010988473892211914]
[463, 0.00950765609741211]
[464, 0.012488365173339844]
[465, 0.014510869979858398]
[466, 0.010504961013793945]
[467, 0.012523889541625977]
[468, 0.010486364364624023]
[469, 0.010509967803955078]
[470, 0.010486841201782227]
[471, 0.010507345199584961]
[472, 0.010505914688110352]
[473, 0.01603221893310547]
[474, 0.012007474899291992]
[475, 0.01050567626953125]
[476, 0.010989904403686523]
[477, 0.018511056900024414]
[478, 0.013509988784790039]
[479, 0.012506484985351562]
[480, 0.011008262634277344]
[481, 0.01603078842163086]
[482, 0.017011165618896484]
[483, 0.011528253555297852]
[484, 0.010522127151489258]
[485, 0.013489007949829102]
[486, 0.021535158157348633]
[487, 0.012488365173339844]
[488, 0.012007713317871094]
[489, 0.014009952545166016]
[490, 0.017012596130371094]
[491, 0.012008428573608398]
[492, 0.012508153915405273]
[493, 0.01801300048828125]
[494, 0.018513202667236328]
[495, 0.013508796691894531]
[496, 0.012508153915405273]
[497, 0.017011642456054688]
[498, 0.016010284423828125]
[499, 0.012508630752563477]
[500, 0.015010833740234375]
[501, 0.024017333984375]
[502, 0.013008356094360352]
[503, 0.013509035110473633]
[504, 0.01651310920715332]
[505, 0.018520593643188477]
[506, 0.013509988784790039]
[507, 0.018513202667236328]
[508, 0.020013809204101562]
[509, 0.012007713317871094]
[510, 0.014510631561279297]
[511, 0.013008356094360352]
[512, 0.017013072967529297]
[513, 0.020015954971313477]
[514, 0.013008832931518555]
[515, 0.013509750366210938]
[516, 0.01651167869567871]
[517, 0.01651144027709961]
[518, 0.015011072158813477]
[519, 0.013009071350097656]
[520, 0.01501011848449707]
[521, 0.014509439468383789]
[522, 0.013509273529052734]
[523, 0.021497488021850586]
[524, 0.015508413314819336]
[525, 0.0159912109375]
[526, 0.014509439468383789]
[527, 0.014009714126586914]
[528, 0.013510942459106445]
[529, 0.016010046005249023]
[530, 0.018512964248657227]
[531, 0.013009071350097656]
[532, 0.01501011848449707]
[533, 0.013510704040527344]
[534, 0.014027118682861328]
[535, 0.018512487411499023]
[536, 0.027520418167114258]
[537, 0.014027118682861328]
[538, 0.016510963439941406]
[539, 0.020012378692626953]
[540, 0.01501154899597168]
[541, 0.015009641647338867]
[542, 0.014509201049804688]
[543, 0.019014358520507812]
[544, 0.017512798309326172]
[545, 0.014008522033691406]
[546, 0.01501154899597168]
[547, 0.025537967681884766]
[548, 0.014490604400634766]
[549, 0.02651691436767578]
[550, 0.015010833740234375]
[551, 0.027519941329956055]
[552, 0.021030664443969727]
[553, 0.015510082244873047]
[554, 0.019013404846191406]
[555, 0.0195157527923584]
[556, 0.017012357711791992]
[557, 0.017012596130371094]
[558, 0.02201700210571289]
[559, 0.01651167869567871]
[560, 0.028519153594970703]
[561, 0.020014286041259766]
[562, 0.01701188087463379]
[563, 0.016011714935302734]
[564, 0.0240175724029541]
[565, 0.026017427444458008]
[566, 0.023016691207885742]
[567, 0.0215151309967041]
[568, 0.017511367797851562]
[569, 0.016011714935302734]
[570, 0.02651834487915039]
[571, 0.020513534545898438]
[572, 0.02351689338684082]
[573, 0.018510818481445312]
[574, 0.01751255989074707]
[575, 0.02051520347595215]
[576, 0.02251577377319336]
[577, 0.02001476287841797]
[578, 0.017011165618896484]
[579, 0.018512964248657227]
[580, 0.02301764488220215]
[581, 0.02101445198059082]
[582, 0.022515296936035156]
[583, 0.01651144027709961]
[584, 0.019013643264770508]
[585, 0.02201676368713379]
[586, 0.017512083053588867]
[587, 0.021515846252441406]
[588, 0.020015239715576172]
[589, 0.01751232147216797]
[590, 0.017512083053588867]
[591, 0.016011476516723633]
[592, 0.018012285232543945]
[593, 0.016513824462890625]
[594, 0.024036884307861328]
[595, 0.017012357711791992]
[596, 0.021994352340698242]
[597, 0.030021190643310547]
[598, 0.02151656150817871]
[599, 0.023016929626464844]
[600, 0.028020620346069336]
[601, 0.023016691207885742]
[602, 0.025016307830810547]
[603, 0.023017406463623047]
[604, 0.024016618728637695]
[605, 0.01751255989074707]
[606, 0.023015975952148438]
[607, 0.024518489837646484]
[608, 0.01901412010192871]
[609, 0.01653122901916504]
[610, 0.023036479949951172]
[611, 0.017535924911499023]
[612, 0.02049398422241211]
[613, 0.028041601181030273]
[614, 0.021995067596435547]
[615, 0.035004377365112305]
[616, 0.021514415740966797]
[617, 0.026018857955932617]
[618, 0.026018381118774414]
[619, 0.026018142700195312]
[620, 0.022015810012817383]
[621, 0.020513534545898438]
[622, 0.031522274017333984]
[623, 0.021015644073486328]
[624, 0.028519392013549805]
[625, 0.0215146541595459]
[626, 0.021515369415283203]
[627, 0.019012451171875]
[628, 0.020513296127319336]
[629, 0.019013404846191406]
[630, 0.021034717559814453]
[631, 0.0260164737701416]
[632, 0.020033597946166992]
[633, 0.02499699592590332]
[634, 0.029019832611083984]
[635, 0.025517940521240234]
[636, 0.02501654624938965]
[637, 0.020514965057373047]
[638, 0.021013736724853516]
[639, 0.01951456069946289]
[640, 0.020013809204101562]
[641, 0.03902769088745117]
[642, 0.025016069412231445]
[643, 0.025516986846923828]
[644, 0.02351665496826172]
[645, 0.027519702911376953]
[646, 0.021515607833862305]
[647, 0.021016359329223633]
[648, 0.02501654624938965]
[649, 0.03202247619628906]
[650, 0.03452467918395996]
[651, 0.04002571105957031]
[652, 0.041529178619384766]
[653, 0.034024715423583984]
[654, 0.03952789306640625]
[655, 0.035524845123291016]
[656, 0.032022714614868164]
[657, 0.030022382736206055]
[658, 0.03952765464782715]
[659, 0.04153013229370117]
[660, 0.03952765464782715]
[661, 0.03652596473693848]
[662, 0.03702545166015625]
[663, 0.02952098846435547]
[664, 0.03652596473693848]
[665, 0.036525726318359375]
[666, 0.041532278060913086]
[667, 0.03202199935913086]
[668, 0.03302359580993652]
[669, 0.028521299362182617]
[670, 0.02251601219177246]
[671, 0.029520750045776367]
[672, 0.027019262313842773]
[673, 0.022516250610351562]
[674, 0.022516250610351562]
[675, 0.03452444076538086]
[676, 0.022971153259277344]
[677, 0.0310211181640625]
[678, 0.025017499923706055]
[679, 0.024517297744750977]
[680, 0.03002190589904785]
[681, 0.026018857955932617]
[682, 0.031022071838378906]
[683, 0.026015758514404297]
[684, 0.023017168045043945]
[685, 0.07005071640014648]
[686, 0.028519630432128906]
[687, 0.02501821517944336]
[688, 0.027039051055908203]
[689, 0.023514986038208008]
[690, 0.0335233211517334]
[691, 0.023015975952148438]
[692, 0.032523155212402344]
[693, 0.023514747619628906]
[694, 0.023037433624267578]
[695, 0.030002355575561523]
[696, 0.02349686622619629]
[697, 0.03054070472717285]
[698, 0.02601909637451172]
[699, 0.024515628814697266]
[700, 0.02902078628540039]
[701, 0.029000520706176758]
[702, 0.023016691207885742]
[703, 0.029501914978027344]
[704, 0.031542062759399414]
[705, 0.02301502227783203]
[706, 0.031040668487548828]
[707, 0.025999784469604492]
[708, 0.03402256965637207]
[709, 0.030022859573364258]
[710, 0.03600573539733887]
[711, 0.03852677345275879]
[712, 0.026018381118774414]
[713, 0.024017333984375]
[714, 0.03100442886352539]
[715, 0.028001785278320312]
[716, 0.07805752754211426]
[717, 0.03152179718017578]
[718, 0.039537668228149414]
[719, 0.03352499008178711]
[720, 0.028519392013549805]
[721, 0.02651810646057129]
[722, 0.042031288146972656]
[723, 0.029020071029663086]
[724, 0.03802752494812012]
[725, 0.037026405334472656]
[726, 0.03202056884765625]
[727, 0.03552508354187012]
[728, 0.03355717658996582]
[729, 0.0310208797454834]
[730, 0.0555419921875]
[731, 0.044530391693115234]
[732, 0.031022071838378906]
[733, 0.030023813247680664]
[734, 0.03702688217163086]
[735, 0.036025047302246094]
[736, 0.04153084754943848]
[737, 0.04253077507019043]
[738, 0.04453229904174805]
[739, 0.03552508354187012]
[740, 0.03852725028991699]
[741, 0.03952741622924805]
[742, 0.03362464904785156]
[743, 0.03502368927001953]
[744, 0.03202199935913086]
[745, 0.030521631240844727]
[746, 0.038027286529541016]
[747, 0.028519630432128906]
[748, 0.03302288055419922]
[749, 0.03452563285827637]
[750, 0.03152179718017578]
[751, 0.03752779960632324]
[752, 0.03402423858642578]
[753, 0.029005050659179688]
[754, 0.030022144317626953]
[755, 0.03302311897277832]
[756, 0.03152108192443848]
[757, 0.035025596618652344]
[758, 0.034044504165649414]
[759, 0.03504371643066406]
[760, 0.027019023895263672]
[761, 0.03054022789001465]
[762, 0.0360257625579834]
[763, 0.0475313663482666]
[764, 0.04745841026306152]
[765, 0.044029951095581055]
[766, 0.05103659629821777]
[767, 0.06554579734802246]
[768, 0.0455319881439209]
[769, 0.04503273963928223]
[770, 0.03152346611022949]
[771, 0.037526607513427734]
[772, 0.038027048110961914]
[773, 0.033524513244628906]
[774, 0.04352879524230957]
[775, 0.03502511978149414]
[776, 0.03252267837524414]
[777, 0.03004169464111328]
[778, 0.03552389144897461]
[779, 0.03152203559875488]
[780, 0.03950834274291992]
[781, 0.032541751861572266]
[782, 0.02801990509033203]
[783, 0.05051755905151367]
[784, 0.04152822494506836]
[785, 0.059540510177612305]
[786, 0.0980682373046875]
[787, 0.10607552528381348]
[788, 0.09256958961486816]
[789, 0.04052853584289551]
[790, 0.05253720283508301]
[791, 0.03852725028991699]
[792, 0.04152870178222656]
[793, 0.03952741622924805]
[794, 0.049034833908081055]
[795, 0.0455319881439209]
[796, 0.03952741622924805]
[797, 0.039528608322143555]
[798, 0.04403042793273926]
[799, 0.03702569007873535]
[800, 0.03502607345581055]
[801, 0.037026166915893555]
[802, 0.03552722930908203]
[803, 0.037526607513427734]
[804, 0.033524513244628906]
[805, 0.04503297805786133]
[806, 0.04653358459472656]
[807, 0.033524274826049805]
[808, 0.03254342079162598]
[809, 0.042551517486572266]
[810, 0.04351043701171875]
[811, 0.03652453422546387]
[812, 0.04052877426147461]
[813, 0.038027286529541016]
[814, 0.03302335739135742]
[815, 0.03802633285522461]
[816, 0.04152989387512207]
[817, 0.03652644157409668]
[818, 0.03552579879760742]
[819, 0.06754755973815918]
[820, 0.032523155212402344]
[821, 0.03502607345581055]
[822, 0.03702545166015625]
[823, 0.03852701187133789]
[824, 0.038527727127075195]
[825, 0.034544944763183594]
[826, 0.043509483337402344]
[827, 0.03302335739135742]
[828, 0.039545536041259766]
[829, 0.035045623779296875]
[830, 0.04002881050109863]
[831, 0.04002809524536133]
[832, 0.040026187896728516]
[833, 0.041507720947265625]
[834, 0.05654025077819824]
[835, 0.0525362491607666]
[836, 0.05053544044494629]
[837, 0.0550386905670166]
[838, 0.03902935981750488]
[839, 0.04703116416931152]
[840, 0.04453158378601074]
[841, 0.037526845932006836]
[842, 0.04052996635437012]
[843, 0.03852725028991699]
[844, 0.03952836990356445]
[845, 0.04105019569396973]
[846, 0.03652524948120117]
[847, 0.04054760932922363]
[848, 0.04503321647644043]
[849, 0.04100823402404785]
[850, 0.03950834274291992]
[851, 0.04302978515625]
[852, 0.03652691841125488]
[853, 0.0390474796295166]
[854, 0.03505516052246094]
[855, 0.04351210594177246]
[856, 0.04503035545349121]
[857, 0.03651762008666992]
[858, 0.04603433609008789]
[859, 0.03550434112548828]
[860, 0.0410306453704834]
[861, 0.04201006889343262]
[862, 0.05351734161376953]
[863, 0.06154441833496094]
[864, 0.05954146385192871]
[865, 0.06304430961608887]
[866, 0.057039737701416016]
[867, 0.04303097724914551]
[868, 0.03702592849731445]
[869, 0.04102945327758789]
[870, 0.0455319881439209]
[871, 0.04703187942504883]
[872, 0.035524845123291016]
[873, 0.04102802276611328]
[874, 0.03604555130004883]
[875, 0.04403114318847656]
[876, 0.045531511306762695]
[877, 0.04353070259094238]
[878, 0.04903244972229004]
[879, 0.04703402519226074]
[880, 0.034522294998168945]
[881, 0.04153013229370117]
[882, 0.03802847862243652]
[883, 0.05003547668457031]
[884, 0.05002951622009277]
[885, 0.047533273696899414]
[886, 0.045522451400756836]
[887, 0.03902745246887207]
[888, 0.042531490325927734]
[889, 0.03552579879760742]
[890, 0.04503226280212402]
[891, 0.04552960395812988]
[892, 0.04553341865539551]
[893, 0.049033403396606445]
[894, 0.05055546760559082]
[895, 0.03953075408935547]
[896, 0.051023006439208984]
[897, 0.04753232002258301]
[898, 0.04151010513305664]
[899, 0.042029380798339844]
[900, 0.04203057289123535]
[901, 0.04353022575378418]
[902, 0.04953575134277344]
[903, 0.03954720497131348]
[904, 0.038007259368896484]
[905, 0.0435483455657959]
[906, 0.05952310562133789]
[907, 0.05752730369567871]
[908, 0.05453991889953613]
[909, 0.05453920364379883]
[910, 0.05253744125366211]
[911, 0.05453920364379883]
[912, 0.0525360107421875]
[913, 0.057541608810424805]
[914, 0.04453325271606445]
[915, 0.04653286933898926]
[916, 0.06204509735107422]
[917, 0.05653953552246094]
[918, 0.052536964416503906]
[919, 0.05554008483886719]
[920, 0.05103754997253418]
[921, 0.04403114318847656]
[922, 0.048035383224487305]
[923, 0.04955029487609863]
[924, 0.043031930923461914]
[925, 0.04703211784362793]
[926, 0.05854034423828125]
[927, 0.05203557014465332]
[928, 0.05654120445251465]
[929, 0.051033973693847656]
[930, 0.05203604698181152]
[931, 0.061428070068359375]
[932, 0.0480341911315918]
[933, 0.04953742027282715]
[934, 0.051035165786743164]
[935, 0.05103659629821777]
[936, 0.059541940689086914]
[937, 0.061043739318847656]
[938, 0.048535823822021484]
[939, 0.04953575134277344]
[940, 0.04853534698486328]
[941, 0.0550389289855957]
[942, 0.047033071517944336]
[943, 0.05003523826599121]
[944, 0.06154370307922363]
[945, 0.04403114318847656]
[946, 0.0525360107421875]
[947, 0.055040597915649414]
[948, 0.05653834342956543]
[949, 0.046033620834350586]
[950, 0.051535606384277344]
[951, 0.05203580856323242]
[952, 0.05203676223754883]
[953, 0.05654001235961914]
[954, 0.05103731155395508]
[955, 0.05454206466674805]
[956, 0.05153512954711914]
[957, 0.054540157318115234]
[958, 0.05553841590881348]
[959, 0.053537607192993164]
[960, 0.04903602600097656]
[961, 0.04853320121765137]
[962, 0.06354427337646484]
[963, 0.06304669380187988]
[964, 0.05253791809082031]
[965, 0.06354689598083496]
[966, 0.05253958702087402]
[967, 0.05403900146484375]
[968, 0.057543277740478516]
[969, 0.05703926086425781]
[970, 0.056037187576293945]
[971, 0.058541297912597656]
[972, 0.058541059494018555]
[973, 0.05662202835083008]
[974, 0.047534942626953125]
[975, 0.06304454803466797]
[976, 0.05253720283508301]
[977, 0.05603981018066406]
[978, 0.0695488452911377]
[979, 0.05353856086730957]
[980, 0.05453753471374512]
[981, 0.05904126167297363]
[982, 0.04753422737121582]
[983, 0.06256580352783203]
[984, 0.05404090881347656]
[985, 0.04901528358459473]
[986, 0.05403900146484375]
[987, 0.05704021453857422]
[988, 0.050554513931274414]
[989, 0.06254315376281738]
[990, 0.06102323532104492]
[991, 0.05752158164978027]
[992, 0.059021711349487305]
[993, 0.0535578727722168]
[994, 0.046534061431884766]
[995, 0.05403614044189453]
[996, 0.054537057876586914]
[997, 0.05553889274597168]
[998, 0.0560603141784668]
[999, 0.058040618896484375]
[1000, 0.05706000328063965]
[1001, 0.05303764343261719]
[1002, 0.06304478645324707]
[1003, 0.05854177474975586]
[1004, 0.04905343055725098]
[1005, 0.04801297187805176]
[1006, 0.05756020545959473]
[1007, 0.06106066703796387]
[1008, 0.051514387130737305]
[1009, 0.057557106018066406]
[1010, 0.055040597915649414]
[1011, 0.06054282188415527]
[1012, 0.0550389289855957]
[1013, 0.05704045295715332]
[1014, 0.05103707313537598]
[1015, 0.0740513801574707]
[1016, 0.0745534896850586]
[1017, 0.06104278564453125]
[1018, 0.056540489196777344]
[1019, 0.06304502487182617]
[1020, 0.06404614448547363]
[1021, 0.06156659126281738]
[1022, 0.06104445457458496]
[1023, 0.06354331970214844]
[1024, 0.05003523826599121]
[1025, 0.050054311752319336]
[1026, 0.08105635643005371]
[1027, 0.07755661010742188]
[1028, 0.06054401397705078]
[1029, 0.058043479919433594]
[1030, 0.05904197692871094]
[1031, 0.056539058685302734]
[1032, 0.06104469299316406]
[1033, 0.05205559730529785]
[1034, 0.05001497268676758]
[1035, 0.05605816841125488]
[1036, 0.0605616569519043]
[1037, 0.050035953521728516]
[1038, 0.06354331970214844]
[1039, 0.0815575122833252]
[1040, 0.0575408935546875]
[1041, 0.05501914024353027]
[1042, 0.06554698944091797]
[1043, 0.06404566764831543]
[1044, 0.06356358528137207]
[1045, 0.053038835525512695]
[1046, 0.05754590034484863]
[1047, 0.05253767967224121]
[1048, 0.062042951583862305]
[1049, 0.061543941497802734]
[1050, 0.053037405014038086]
[1051, 0.05203723907470703]
[1052, 0.06554460525512695]
[1053, 0.053537607192993164]
[1054, 0.05103611946105957]
[1055, 0.06304359436035156]
[1056, 0.05854034423828125]
[1057, 0.05353951454162598]
[1058, 0.05403709411621094]
[1059, 0.05155587196350098]
[1060, 0.06406474113464355]
[1061, 0.06404519081115723]
[1062, 0.06154632568359375]
[1063, 0.057039499282836914]
[1064, 0.05505681037902832]
[1065, 0.06304550170898438]
[1066, 0.06552767753601074]
[1067, 0.062041282653808594]
[1068, 0.05806326866149902]
[1069, 0.06404566764831543]
[1070, 0.06404590606689453]
[1071, 0.07305312156677246]
[1072, 0.07155013084411621]
[1073, 0.06352710723876953]
[1074, 0.06304621696472168]
[1075, 0.06804847717285156]
[1076, 0.08455944061279297]
[1077, 0.07205080986022949]
[1078, 0.0720512866973877]
[1079, 0.08005690574645996]
[1080, 0.06604647636413574]
[1081, 0.07305049896240234]
[1082, 0.07255172729492188]
[1083, 0.05854201316833496]
[1084, 0.07104301452636719]
[1085, 0.07505321502685547]
[1086, 0.07855582237243652]
[1087, 0.06554579734802246]
[1088, 0.05904221534729004]
[1089, 0.05853986740112305]
[1090, 0.06354618072509766]
[1091, 0.06204414367675781]
[1092, 0.06806683540344238]
[1093, 0.07506775856018066]
[1094, 0.0550386905670166]
[1095, 0.05705881118774414]
[1096, 0.05655956268310547]
[1097, 0.06254100799560547]
[1098, 0.07205319404602051]
[1099, 0.06704497337341309]
[1100, 0.07903623580932617]
[1101, 0.060042619705200195]
[1102, 0.05453777313232422]
[1103, 0.056540489196777344]
[1104, 0.0565190315246582]
[1105, 0.057558298110961914]
[1106, 0.06754755973815918]
[1107, 0.0665278434753418]
[1108, 0.07106781005859375]
[1109, 0.06854772567749023]
[1110, 0.05906105041503906]
[1111, 0.05902242660522461]
[1112, 0.05854034423828125]
[1113, 0.06354355812072754]
[1114, 0.059543609619140625]
[1115, 0.06854796409606934]
[1116, 0.06154966354370117]
[1117, 0.06102418899536133]
[1118, 0.05952048301696777]
[1119, 0.06604695320129395]
[1120, 0.06604480743408203]
[1121, 0.0885622501373291]
[1122, 0.10507369041442871]
[1123, 0.06604576110839844]
[1124, 0.07957243919372559]
[1125, 0.0765533447265625]
[1126, 0.0675497055053711]
[1127, 0.11756682395935059]
[1128, 0.08606100082397461]
[1129, 0.07305121421813965]
[1130, 0.08355879783630371]
[1131, 0.06904816627502441]
[1132, 0.06404590606689453]
[1133, 0.08706092834472656]
[1134, 0.09256553649902344]
[1135, 0.08656072616577148]
[1136, 0.06654691696166992]
[1137, 0.07005143165588379]
[1138, 0.07155179977416992]
[1139, 0.06856751441955566]
[1140, 0.10255098342895508]
[1141, 0.07204985618591309]
[1142, 0.06354498863220215]
[1143, 0.06254386901855469]
[1144, 0.06805062294006348]
[1145, 0.07556438446044922]
[1146, 0.08005571365356445]
[1147, 0.07455277442932129]
[1148, 0.07405304908752441]
[1149, 0.07305240631103516]
[1150, 0.07055044174194336]
[1151, 0.067047119140625]
[1152, 0.07155156135559082]
[1153, 0.07004857063293457]
[1154, 0.07655549049377441]
[1155, 0.06754732131958008]
[1156, 0.06404280662536621]
[1157, 0.06802892684936523]
[1158, 0.07204961776733398]
[1159, 0.06754875183105469]
[1160, 0.06555032730102539]
[1161, 0.06404423713684082]
[1162, 0.07054948806762695]
[1163, 0.06954741477966309]
[1164, 0.06752896308898926]
[1165, 0.06654858589172363]
[1166, 0.06404614448547363]
[1167, 0.0825643539428711]
[1168, 0.07107663154602051]
[1169, 0.07007074356079102]
[1170, 0.06354594230651855]
[1171, 0.06654739379882812]
[1172, 0.06502842903137207]
[1173, 0.06753087043762207]
[1174, 0.08706307411193848]
[1175, 0.09606814384460449]
[1176, 0.10407185554504395]
[1177, 0.09907007217407227]
[1178, 0.10457277297973633]
[1179, 0.08906340599060059]
[1180, 0.09056425094604492]
[1181, 0.09156417846679688]
[1182, 0.08105683326721191]
[1183, 0.08756208419799805]
[1184, 0.08613204956054688]
[1185, 0.06604790687561035]
[1186, 0.06504702568054199]
[1187, 0.07205533981323242]
[1188, 0.08153867721557617]
[1189, 0.09108328819274902]
[1190, 0.07955789566040039]
[1191, 0.06854701042175293]
[1192, 0.07505345344543457]
[1193, 0.07953834533691406]
[1194, 0.07205319404602051]
[1195, 0.0715494155883789]
[1196, 0.07107090950012207]
[1197, 0.0720522403717041]
[1198, 0.06404399871826172]
[1199, 0.06606626510620117]
[1200, 0.0770730972290039]
[1201, 0.0670466423034668]
[1202, 0.07903814315795898]
[1203, 0.07555222511291504]
[1204, 0.06456494331359863]
[1205, 0.0675654411315918]
[1206, 0.07056689262390137]
[1207, 0.0670461654663086]
[1208, 0.0770578384399414]
[1209, 0.06604671478271484]
[1210, 0.07055497169494629]
[1211, 0.07153129577636719]
[1212, 0.07207059860229492]
[1213, 0.07105016708374023]
[1214, 0.0720679759979248]
[1215, 0.07053184509277344]
[1216, 0.07957625389099121]
[1217, 0.08756232261657715]
[1218, 0.07355451583862305]
[1219, 0.07982015609741211]
[1220, 0.08756136894226074]
[1221, 0.0890645980834961]
[1222, 0.07455110549926758]
[1223, 0.07204866409301758]
[1224, 0.07206988334655762]
[1225, 0.07204818725585938]
[1226, 0.07205080986022949]
[1227, 0.06854867935180664]
[1228, 0.07055044174194336]
[1229, 0.07907223701477051]
[1230, 0.07305216789245605]
[1231, 0.07155108451843262]
[1232, 0.07757377624511719]
[1233, 0.07204818725585938]
[1234, 0.07157039642333984]
[1235, 0.08053827285766602]
[1236, 0.08007597923278809]
[1237, 0.07156991958618164]
[1238, 0.07457232475280762]
[1239, 0.07105350494384766]
[1240, 0.0740346908569336]
[1241, 0.0715494155883789]
[1242, 0.07355237007141113]
[1243, 0.08005809783935547]
[1244, 0.0725703239440918]
[1245, 0.0765535831451416]
[1246, 0.07455086708068848]
[1247, 0.07357215881347656]
[1248, 0.0820763111114502]
[1249, 0.0765533447265625]
[1250, 0.07355213165283203]
[1251, 0.07204961776733398]
[1252, 0.07755589485168457]
[1253, 0.07104897499084473]
[1254, 0.07305192947387695]
[1255, 0.07803702354431152]
[1256, 0.08055567741394043]
[1257, 0.08407926559448242]
[1258, 0.07805562019348145]
[1259, 0.07505106925964355]
[1260, 0.07303357124328613]
[1261, 0.07955670356750488]
[1262, 0.08257746696472168]
[1263, 0.07557392120361328]
[1264, 0.07555437088012695]
[1265, 0.07707476615905762]
[1266, 0.07405209541320801]
[1267, 0.0795750617980957]
[1268, 0.07807350158691406]
[1269, 0.08255863189697266]
[1270, 0.0810554027557373]
[1271, 0.07605481147766113]
[1272, 0.0740518569946289]
[1273, 0.07457113265991211]
[1274, 0.0790560245513916]
[1275, 0.07848739624023438]
[1276, 0.07857370376586914]
[1277, 0.07757353782653809]
[1278, 0.08053851127624512]
[1279, 0.07605385780334473]
[1280, 0.0790562629699707]
[1281, 0.08707737922668457]
[1282, 0.09204244613647461]
[1283, 0.08956360816955566]
[1284, 0.08107233047485352]
[1285, 0.08107614517211914]
[1286, 0.08253908157348633]
[1287, 0.1055760383605957]
[1288, 0.09506750106811523]
[1289, 0.08105754852294922]
[1290, 0.0815579891204834]
[1291, 0.09506988525390625]
[1292, 0.09156656265258789]
[1293, 0.09256792068481445]
[1294, 0.09606719017028809]
[1295, 0.08357381820678711]
[1296, 0.08606100082397461]
[1297, 0.08908271789550781]
[1298, 0.09306645393371582]
[1299, 0.09257888793945312]
[1300, 0.0840768814086914]
[1301, 0.0935511589050293]
[1302, 0.1581122875213623]
[1303, 0.17562484741210938]
[1304, 0.17662501335144043]
[1305, 0.10057234764099121]
[1306, 0.1125795841217041]
[1307, 0.12058544158935547]
[1308, 0.27869629859924316]
[1309, 0.22367644309997559]
[1310, 0.21415185928344727]
[1311, 0.15761184692382812]
[1312, 0.11758303642272949]
[1313, 0.10657525062561035]
[1314, 0.12759160995483398]
[1315, 0.1220862865447998]
[1316, 0.14810514450073242]
[1317, 0.1536095142364502]
[1318, 0.1340949535369873]
[1319, 0.16661810874938965]
[1320, 0.12164998054504395]
[1321, 0.11908459663391113]
[1322, 0.23366665840148926]
[1323, 0.27469539642333984]
[1324, 0.15511083602905273]
[1325, 0.21665453910827637]
[1326, 0.19463872909545898]
[1327, 0.1776278018951416]
[1328, 0.2231593132019043]
[1329, 0.13759875297546387]
[1330, 0.09706783294677734]
[1331, 0.18813443183898926]
[1332, 0.10407233238220215]
[1333, 0.08556079864501953]
[1334, 0.08857583999633789]
[1335, 0.1441051959991455]
[1336, 0.1841292381286621]
[1337, 0.1290907859802246]
[1338, 0.13309502601623535]
[1339, 0.18363094329833984]
[1340, 0.13309311866760254]
[1341, 0.12308692932128906]
[1342, 0.09408259391784668]
[1343, 0.1055755615234375]
[1344, 0.11208009719848633]
[1345, 0.0910646915435791]
[1346, 0.08758115768432617]
[1347, 0.09105944633483887]
[1348, 0.09808897972106934]
[1349, 0.09306526184082031]
[1350, 0.09206533432006836]
[1351, 0.0905451774597168]
[1352, 0.09258437156677246]
[1353, 0.14458417892456055]
[1354, 0.1986374855041504]
[1355, 0.09758710861206055]
[1356, 0.10155749320983887]
[1357, 0.11157870292663574]
[1358, 0.09107685089111328]
[1359, 0.08906364440917969]
[1360, 0.09154629707336426]
[1361, 0.16361713409423828]
[1362, 0.1175985336303711]
[1363, 0.10457611083984375]
[1364, 0.09555387496948242]
[1365, 0.09406518936157227]
[1366, 0.09456539154052734]
[1367, 0.12056589126586914]
[1368, 0.17513060569763184]
[1369, 0.13709807395935059]
[1370, 0.1916332244873047]
[1371, 0.1561107635498047]
[1372, 0.09756970405578613]
[1373, 0.09106588363647461]
[1374, 0.1410837173461914]
[1375, 0.1531071662902832]
[1376, 0.12208676338195801]
[1377, 0.13609719276428223]
[1378, 0.20564627647399902]
[1379, 0.13959932327270508]
[1380, 0.12358784675598145]
[1381, 0.18613147735595703]
[1382, 0.1270909309387207]
[1383, 0.16311430931091309]
[1384, 0.2156538963317871]
[1385, 0.19463872909545898]
[1386, 0.21165084838867188]
[1387, 0.16661691665649414]
[1388, 0.10957908630371094]
[1389, 0.11608171463012695]
[1390, 0.1175837516784668]
[1391, 0.1416008472442627]
[1392, 0.11758279800415039]
[1393, 0.10009312629699707]
[1394, 0.09955096244812012]
[1395, 0.11908459663391113]
[1396, 0.09808754920959473]
[1397, 0.1030724048614502]
[1398, 0.10059070587158203]
[1399, 0.09604978561401367]
[1400, 0.10307455062866211]
[1401, 0.11806440353393555]
[1402, 0.10305976867675781]
[1403, 0.1006009578704834]
[1404, 0.10605716705322266]
[1405, 0.1170816421508789]
[1406, 0.10407352447509766]
[1407, 0.10458898544311523]
[1408, 0.10311484336853027]
[1409, 0.10956406593322754]
[1410, 0.10857558250427246]
[1411, 0.12057089805603027]
[1412, 0.1030738353729248]
[1413, 0.10056424140930176]
[1414, 0.13257575035095215]
[1415, 0.24257707595825195]
[1416, 0.19363760948181152]
[1417, 0.18763303756713867]
[1418, 0.1340959072113037]
[1419, 0.12108659744262695]
[1420, 0.12659072875976562]
[1421, 0.1100926399230957]
[1422, 0.1621112823486328]
[1423, 0.19013381004333496]
[1424, 0.11908578872680664]
[1425, 0.11457967758178711]
[1426, 0.10658574104309082]
[1427, 0.1071171760559082]
[1428, 0.11408066749572754]
[1429, 0.10507488250732422]
[1430, 0.1010897159576416]
[1431, 0.10357189178466797]
[1432, 0.10759472846984863]
[1433, 0.12558698654174805]
[1434, 0.14710402488708496]
[1435, 0.12008285522460938]
[1436, 0.13909912109375]
[1437, 0.1270902156829834]
[1438, 0.13609528541564941]
[1439, 0.11307787895202637]
[1440, 0.15210795402526855]
[1441, 0.29370760917663574]
[1442, 0.2972109317779541]
[1443, 0.22165751457214355]
[1444, 0.2602083683013916]
[1445, 0.20064353942871094]
[1446, 0.25267934799194336]
[1447, 0.24817657470703125]
[1448, 0.31072139739990234]
[1449, 0.37576723098754883]
[1450, 0.32923364639282227]
[1451, 0.2736935615539551]
[1452, 0.4723355770111084]
[1453, 0.263685941696167]
[1454, 0.16011381149291992]
[1455, 0.17412400245666504]
[1456, 0.17412328720092773]
[1457, 0.21465229988098145]
[1458, 0.21014833450317383]
[1459, 0.24567413330078125]
[1460, 0.29620957374572754]
[1461, 0.234666109085083]
[1462, 0.18413114547729492]
[1463, 0.1461033821105957]
[1464, 0.1441020965576172]
[1465, 0.1556103229522705]
[1466, 0.2181563377380371]
[1467, 0.19113445281982422]
[1468, 0.1435999870300293]
[1469, 0.13459491729736328]
[1470, 0.10907769203186035]
[1471, 0.10657429695129395]
[1472, 0.1075754165649414]
[1473, 0.1055765151977539]
[1474, 0.10555696487426758]
[1475, 0.1195833683013916]
[1476, 0.10707592964172363]
[1477, 0.0976865291595459]
[1478, 0.1105961799621582]
[1479, 0.11357998847961426]
[1480, 0.12306857109069824]
[1481, 0.13809728622436523]
[1482, 0.14059686660766602]
[1483, 0.1461024284362793]
[1484, 0.11458063125610352]
[1485, 0.10657620429992676]
[1486, 0.11007833480834961]
[1487, 0.1055746078491211]
[1488, 0.10507488250732422]
[1489, 0.1080775260925293]
[1490, 0.10605669021606445]
[1491, 0.12308573722839355]
[1492, 0.12108731269836426]
[1493, 0.10809540748596191]
[1494, 0.10755658149719238]
[1495, 0.11658191680908203]
[1496, 0.11107802391052246]
[1497, 0.10759472846984863]
[1498, 0.11107850074768066]
[1499, 0.10459351539611816]
[1500, 0.11611318588256836]
[1501, 0.12258791923522949]
[1502, 0.11109733581542969]
[1503, 0.10857725143432617]
[1504, 0.1095583438873291]
[1505, 0.1170654296875]
[1506, 0.1100773811340332]
[1507, 0.11107850074768066]
[1508, 0.10809636116027832]
[1509, 0.11357951164245605]
[1510, 0.1170961856842041]
[1511, 0.12256956100463867]
[1512, 0.11455845832824707]
[1513, 0.11656498908996582]
[1514, 0.11057710647583008]
[1515, 0.10907649993896484]
[1516, 0.1125798225402832]
[1517, 0.11508297920227051]
[1518, 0.11259961128234863]
[1519, 0.11591935157775879]
[1520, 0.10805988311767578]
[1521, 0.11556410789489746]
[1522, 0.11408543586730957]
[1523, 0.12210607528686523]
[1524, 0.11458206176757812]
[1525, 0.11256003379821777]
[1526, 0.12106823921203613]
[1527, 0.10809469223022461]
[1528, 0.12056708335876465]
[1529, 0.11908674240112305]
[1530, 0.11310410499572754]
[1531, 0.11856865882873535]
[1532, 0.11408114433288574]
[1533, 0.11107802391052246]
[1534, 0.1271061897277832]
[1535, 0.2136518955230713]
[1536, 0.14760565757751465]
[1537, 0.12058544158935547]
[1538, 0.11258053779602051]
[1539, 0.1220860481262207]
[1540, 0.17862868309020996]
[1541, 0.1606287956237793]
[1542, 0.11458587646484375]
[1543, 0.1125791072845459]
[1544, 0.12458682060241699]
[1545, 0.12258720397949219]
[1546, 0.11708211898803711]
[1547, 0.1276094913482666]
[1548, 0.11856555938720703]
[1549, 0.1365973949432373]
[1550, 0.1225738525390625]
[1551, 0.1175835132598877]
[1552, 0.1281108856201172]
[1553, 0.12108612060546875]
[1554, 0.11610054969787598]
[1555, 0.12507867813110352]
[1556, 0.11810302734375]
[1557, 0.12459349632263184]
[1558, 0.11956548690795898]
[1559, 0.11708259582519531]
[1560, 0.12158608436584473]
[1561, 0.1245889663696289]
[1562, 0.12160515785217285]
[1563, 0.11756563186645508]
[1564, 0.1245884895324707]
[1565, 0.12557005882263184]
[1566, 0.12058615684509277]
[1567, 0.11411809921264648]
[1568, 0.1181035041809082]
[1569, 0.12859106063842773]
[1570, 0.12056541442871094]
[1571, 0.11958622932434082]
[1572, 0.12610602378845215]
[1573, 0.12909150123596191]
[1574, 0.12809228897094727]
[1575, 0.11956596374511719]
[1576, 0.11658287048339844]
[1577, 0.12106943130493164]
[1578, 0.12759041786193848]
[1579, 0.12208771705627441]
[1580, 0.11608195304870605]
[1581, 0.13657903671264648]
[1582, 0.12260937690734863]
[1583, 0.1215670108795166]
[1584, 0.1396169662475586]
[1585, 0.13309478759765625]
[1586, 0.14460420608520508]
[1587, 0.12508773803710938]
[1588, 0.13109350204467773]
[1589, 0.1290905475616455]
[1590, 0.1220865249633789]
[1591, 0.12208724021911621]
[1592, 0.12156939506530762]
[1593, 0.12659931182861328]
[1594, 0.13259625434875488]
[1595, 0.12160468101501465]
[1596, 0.1315932273864746]
[1597, 0.12410640716552734]
[1598, 0.12506818771362305]
[1599, 0.11960363388061523]
[1600, 0.12158703804016113]
[1601, 0.12508821487426758]
[1602, 0.14058160781860352]
[1603, 0.13359355926513672]
[1604, 0.1461176872253418]
[1605, 0.12659478187561035]
[1606, 0.12757587432861328]
[1607, 0.12408781051635742]
[1608, 0.11956501007080078]
[1609, 0.14008045196533203]
[1610, 0.13111066818237305]
[1611, 0.13309550285339355]
[1612, 0.1416022777557373]
[1613, 0.12557101249694824]
[1614, 0.12608814239501953]
[1615, 0.12809038162231445]
[1616, 0.1315937042236328]
[1617, 0.13359379768371582]
[1618, 0.13507628440856934]
[1619, 0.14262008666992188]
[1620, 0.14008021354675293]
[1621, 0.127608060836792]
[1622, 0.1301116943359375]
[1623, 0.12809062004089355]
[1624, 0.13561415672302246]
[1625, 0.14158177375793457]
[1626, 0.14560341835021973]
[1627, 0.1435999870300293]
[1628, 0.1371166706085205]
[1629, 0.131591796875]
[1630, 0.13059091567993164]
[1631, 0.13161063194274902]
[1632, 0.14060020446777344]
[1633, 0.14510273933410645]
[1634, 0.1265716552734375]
[1635, 0.14061951637268066]
[1636, 0.1310737133026123]
[1637, 0.13361477851867676]
[1638, 0.1265711784362793]
[1639, 0.1301102638244629]
[1640, 0.13609528541564941]
[1641, 0.13409423828125]
[1642, 0.14010095596313477]
[1643, 0.15511035919189453]
[1644, 0.13609766960144043]
[1645, 0.12809014320373535]
[1646, 0.13159632682800293]
[1647, 0.14660429954528809]
[1648, 0.14259982109069824]
[1649, 0.13257193565368652]
[1650, 0.13660407066345215]
[1651, 0.13359332084655762]
[1652, 0.13359618186950684]
[1653, 0.13459539413452148]
[1654, 0.15659165382385254]
[1655, 0.1461031436920166]
[1656, 0.1395864486694336]
[1657, 0.14760398864746094]
[1658, 0.14061903953552246]
[1659, 0.14258337020874023]
[1660, 0.15762782096862793]
[1661, 0.1396174430847168]
[1662, 0.14708495140075684]
[1663, 0.13560104370117188]
[1664, 0.14760351181030273]
[1665, 0.13811516761779785]
[1666, 0.13559532165527344]
[1667, 0.13457679748535156]
[1668, 0.1315934658050537]
[1669, 0.1446208953857422]
[1670, 0.14310002326965332]
[1671, 0.13958120346069336]
[1672, 0.1396169662475586]
[1673, 0.13307666778564453]
[1674, 0.14060163497924805]
[1675, 0.1385796070098877]
[1676, 0.14210152626037598]
[1677, 0.14908766746520996]
[1678, 0.13611435890197754]
[1679, 0.145585298538208]
[1680, 0.13607430458068848]
[1681, 0.148606538772583]
[1682, 0.13859796524047852]
[1683, 0.14008092880249023]
[1684, 0.14311838150024414]
[1685, 0.13908123970031738]
[1686, 0.14612150192260742]
[1687, 0.14562177658081055]
[1688, 0.1390974521636963]
[1689, 0.14111709594726562]
[1690, 0.1415998935699463]
[1691, 0.14508509635925293]
[1692, 0.14061760902404785]
[1693, 0.1365959644317627]
[1694, 0.14760541915893555]
[1695, 0.14810419082641602]
[1696, 0.13859820365905762]
[1697, 0.14110040664672852]
[1698, 0.1455998420715332]
[1699, 0.14210033416748047]
[1700, 0.13611292839050293]
[1701, 0.14458417892456055]
[1702, 0.13959860801696777]
[1703, 0.14410185813903809]
[1704, 0.14758729934692383]
[1705, 0.14810705184936523]
[1706, 0.14460277557373047]
[1707, 0.13959884643554688]
[1708, 0.15509247779846191]
[1709, 0.14310121536254883]
[1710, 0.14760494232177734]
[1711, 0.14110064506530762]
[1712, 0.14762449264526367]
[1713, 0.1455838680267334]
[1714, 0.1396176815032959]
[1715, 0.1505889892578125]
[1716, 0.14912724494934082]
[1717, 0.1505892276763916]
[1718, 0.13760805130004883]
[1719, 0.15510940551757812]
[1720, 0.14858651161193848]
[1721, 0.14011836051940918]
[1722, 0.15362858772277832]
[1723, 0.14710450172424316]
[1724, 0.15658950805664062]
[1725, 0.14510321617126465]
[1726, 0.14760303497314453]
[1727, 0.1416022777557373]
[1728, 0.15060710906982422]
[1729, 0.15410709381103516]
[1730, 0.1441047191619873]
[1731, 0.14560437202453613]
[1732, 0.14360260963439941]
[1733, 0.15460896492004395]
[1734, 0.1506052017211914]
[1735, 0.14910674095153809]
[1736, 0.15460920333862305]
[1737, 0.14960622787475586]
[1738, 0.1480865478515625]
[1739, 0.14446020126342773]
[1740, 0.15711021423339844]
[1741, 0.15661263465881348]
[1742, 0.14710283279418945]
[1743, 0.15410828590393066]
[1744, 0.1461009979248047]
[1745, 0.14560341835021973]
[1746, 0.14310288429260254]
[1747, 0.15761160850524902]
[1748, 0.1475841999053955]
[1749, 0.14908790588378906]
[1750, 0.16211342811584473]
[1751, 0.14960479736328125]
[1752, 0.14510250091552734]
[1753, 0.14809703826904297]
[1754, 0.15862345695495605]
[1755, 0.1491255760192871]
[1756, 0.14760446548461914]
[1757, 0.16013026237487793]
[1758, 0.14760470390319824]
[1759, 0.1451127529144287]
[1760, 0.16910266876220703]
[1761, 0.19762516021728516]
[1762, 0.15510964393615723]
[1763, 0.16361784934997559]
[1764, 0.1536087989807129]
[1765, 0.15360689163208008]
[1766, 0.14960598945617676]
[1767, 0.16461753845214844]
[1768, 0.154127836227417]
[1769, 0.15859413146972656]
[1770, 0.1516251564025879]
[1771, 0.1556105613708496]
[1772, 0.14960598945617676]
[1773, 0.16011476516723633]
[1774, 0.15012431144714355]
[1775, 0.1486055850982666]
[1776, 0.15262746810913086]
[1777, 0.14858722686767578]
[1778, 0.14862346649169922]
[1779, 0.1511082649230957]
[1780, 0.16011285781860352]
[1781, 0.1581108570098877]
[1782, 0.15661048889160156]
[1783, 0.1611337661743164]
[1784, 0.1556103229522705]
[1785, 0.151625394821167]
[1786, 0.15360760688781738]
[1787, 0.16663575172424316]
[1788, 0.16161203384399414]
[1789, 0.15410661697387695]
[1790, 0.16011476516723633]
[1791, 0.15959382057189941]
[1792, 0.14810395240783691]
[1793, 0.16810250282287598]
[1794, 0.1580946445465088]
[1795, 0.15210795402526855]
[1796, 0.15809249877929688]
[1797, 0.16011500358581543]
[1798, 0.1531085968017578]
[1799, 0.16111445426940918]
[1800, 0.1625971794128418]
[1801, 0.16213297843933105]
[1802, 0.16259551048278809]
[1803, 0.16411900520324707]
[1804, 0.15762948989868164]
[1805, 0.1575922966003418]
[1806, 0.16463422775268555]
[1807, 0.1611320972442627]
[1808, 0.14960384368896484]
[1809, 0.16862177848815918]
[1810, 0.15761160850524902]
[1811, 0.15909504890441895]
[1812, 0.17164111137390137]
[1813, 0.17110252380371094]
[1814, 0.15312790870666504]
[1815, 0.16861963272094727]
[1816, 0.1645963191986084]
[1817, 0.1651163101196289]
[1818, 0.16063308715820312]
[1819, 0.16461610794067383]
[1820, 0.15911245346069336]
[1821, 0.17212176322937012]
[1822, 0.16463589668273926]
[1823, 0.1620957851409912]
[1824, 0.15761017799377441]
[1825, 0.16914081573486328]
[1826, 0.15911316871643066]
[1827, 0.15411090850830078]
[1828, 0.17362475395202637]
[1829, 0.17062115669250488]
[1830, 0.16511845588684082]
[1831, 0.17410492897033691]
[1832, 0.16661953926086426]
[1833, 0.16611790657043457]
[1834, 0.1731410026550293]
[1835, 0.16613531112670898]
[1836, 0.16963934898376465]
[1837, 0.18111038208007812]
[1838, 0.18513178825378418]
[1839, 0.17864775657653809]
[1840, 0.1721022129058838]
[1841, 0.16713809967041016]
[1842, 0.1650989055633545]
[1843, 0.17160344123840332]
[1844, 0.17662549018859863]
[1845, 0.1706404685974121]
[1846, 0.17010116577148438]
[1847, 0.17167353630065918]
[1848, 0.1771259307861328]
[1849, 0.18112826347351074]
[1850, 0.19917774200439453]
[1851, 0.19514012336730957]
[1852, 0.16912198066711426]
[1853, 0.16962003707885742]
[1854, 0.16659998893737793]
[1855, 0.17862606048583984]
[1856, 0.16611480712890625]
[1857, 0.17163681983947754]
[1858, 0.16861867904663086]
[1859, 0.17061972618103027]
[1860, 0.1631150245666504]
[1861, 0.1751253604888916]
[1862, 0.1681194305419922]
[1863, 0.17212152481079102]
[1864, 0.16509556770324707]
[1865, 0.17412400245666504]
[1866, 0.16865801811218262]
[1867, 0.18062853813171387]
[1868, 0.1746046543121338]
[1869, 0.1731269359588623]
[1870, 0.16213464736938477]
[1871, 0.17061972618103027]
[1872, 0.16309618949890137]
[1873, 0.18214821815490723]
[1874, 0.18162894248962402]
[1875, 0.17412209510803223]
[1876, 0.17264199256896973]
[1877, 0.17414259910583496]
[1878, 0.17264199256896973]
[1879, 0.18563127517700195]
[1880, 0.17110300064086914]
[1881, 0.17514443397521973]
[1882, 0.17562484741210938]
[1883, 0.16913795471191406]
[1884, 0.17560625076293945]
[1885, 0.18313002586364746]
[1886, 0.17664837837219238]
[1887, 0.1821291446685791]
[1888, 0.18561244010925293]
[1889, 0.1701211929321289]
[1890, 0.1766057014465332]
[1891, 0.18463134765625]
[1892, 0.16912078857421875]
[1893, 0.19061660766601562]
[1894, 0.18864822387695312]
[1895, 0.17412376403808594]
[1896, 0.1876506805419922]
[1897, 0.18012714385986328]
[1898, 0.17362308502197266]
[1899, 0.18915319442749023]
[1900, 0.1821305751800537]
[1901, 0.1826484203338623]
[1902, 0.19011378288269043]
[1903, 0.1686384677886963]
[1904, 0.18110966682434082]
[1905, 0.18110942840576172]
[1906, 0.177626371383667]
[1907, 0.17510652542114258]
[1908, 0.18615031242370605]
[1909, 0.1721196174621582]
[1910, 0.19063496589660645]
[1911, 0.17313265800476074]
[1912, 0.17912650108337402]
[1913, 0.17764544486999512]
[1914, 0.18313050270080566]
[1915, 0.178145170211792]
[1916, 0.18613219261169434]
[1917, 0.1821305751800537]
[1918, 0.17762446403503418]
[1919, 0.1866321563720703]
[1920, 0.1841115951538086]
[1921, 0.17162418365478516]
[1922, 0.1866304874420166]
[1923, 0.18363046646118164]
[1924, 0.17612528800964355]
[1925, 0.18564987182617188]
[1926, 0.17912650108337402]
[1927, 0.19065451622009277]
[1928, 0.17562508583068848]
[1929, 0.1816105842590332]
[1930, 0.18763327598571777]
[1931, 0.1891336441040039]
[1932, 0.1986408233642578]
[1933, 0.20464468002319336]
[1934, 0.18313193321228027]
[1935, 0.18363022804260254]
[1936, 0.19213652610778809]
[1937, 0.18164682388305664]
[1938, 0.19715642929077148]
[1939, 0.1871333122253418]
[1940, 0.1771078109741211]
[1941, 0.18815183639526367]
[1942, 0.19013500213623047]
[1943, 0.19061732292175293]
[1944, 0.19315743446350098]
[1945, 0.17812800407409668]
[1946, 0.1826491355895996]
[1947, 0.20262408256530762]
[1948, 0.18416047096252441]
[1949, 0.18763256072998047]
[1950, 0.18613123893737793]
[1951, 0.18260955810546875]
[1952, 0.18763184547424316]
[1953, 0.19513821601867676]
[1954, 0.18163037300109863]
[1955, 0.19615817070007324]
[1956, 0.18513226509094238]
[1957, 0.18314695358276367]
[1958, 0.19762110710144043]
[1959, 0.18513107299804688]
[1960, 0.19461917877197266]
[1961, 0.19215631484985352]
[1962, 0.1821305751800537]
[1963, 0.19165611267089844]
[1964, 0.20868206024169922]
[1965, 0.21016263961791992]
[1966, 0.25968456268310547]
[1967, 0.3502509593963623]
[1968, 0.39478135108947754]
[1969, 0.2446727752685547]
[1970, 0.2041454315185547]
[1971, 0.20362472534179688]
[1972, 0.1921377182006836]
[1973, 0.18813204765319824]
[1974, 0.25469374656677246]
[1975, 0.2036290168762207]
[1976, 0.21166396141052246]
[1977, 0.19762539863586426]
[1978, 0.1861124038696289]
[1979, 0.19765853881835938]
[1980, 0.20715928077697754]
[1981, 0.2161564826965332]
[1982, 0.2511770725250244]
[1983, 0.22115683555603027]
[1984, 0.1991415023803711]
[1985, 0.1941380500793457]
[1986, 0.2181534767150879]
[1987, 0.20515847206115723]
[1988, 0.2066330909729004]
[1989, 0.26969170570373535]
[1990, 0.20914888381958008]
[1991, 0.20064640045166016]
[1992, 0.19663524627685547]
[1993, 0.21265053749084473]
[1994, 0.2016444206237793]
[1995, 0.1976606845855713]
[1996, 0.21016764640808105]
[1997, 0.2206554412841797]
[1998, 0.21015310287475586]
[1999, 0.20014190673828125]
[2000, 0.2061460018157959]
[2001, 0.21965622901916504]
[2002, 0.23564863204956055]
[2003, 0.2882041931152344]
[2004, 0.20266294479370117]
[2005, 0.2106480598449707]
[2006, 0.19363832473754883]
[2007, 0.20564556121826172]
[2008, 0.23168134689331055]
[2009, 0.2511787414550781]
[2010, 0.28370189666748047]
[2011, 0.23544025421142578]
[2012, 0.2676711082458496]
[2013, 0.24967622756958008]
[2014, 0.3642570972442627]
[2015, 0.4813406467437744]
[2016, 0.37276411056518555]
[2017, 0.595423698425293]
[2018, 0.5699036121368408]
[2019, 0.25620126724243164]
[2020, 0.20912885665893555]
[2021, 0.2086656093597412]
[2022, 0.21464824676513672]
[2023, 0.2636888027191162]
[2024, 0.251678466796875]
[2025, 0.25268101692199707]
[2026, 0.3602571487426758]
[2027, 0.39728331565856934]
[2028, 0.3862731456756592]
[2029, 0.2391965389251709]
[2030, 0.22816085815429688]
[2031, 0.22914934158325195]
[2032, 0.20414519309997559]
[2033, 0.20264315605163574]
[2034, 0.2116701602935791]
[2035, 0.22667884826660156]
[2036, 0.21465253829956055]
[2037, 0.20464491844177246]
[2038, 0.26670193672180176]
[2039, 0.2516796588897705]
[2040, 0.3017151355743408]
[2041, 0.3132202625274658]
[2042, 0.24117040634155273]
[2043, 0.22767376899719238]
[2044, 0.23216676712036133]
[2045, 0.2231767177581787]
[2046, 0.22916316986083984]
[2047, 0.3262319564819336]
[2048, 0.28420090675354004]
[2049, 0.244673490524292]
[2050, 0.2726929187774658]
[2051, 0.2701907157897949]
[2052, 0.26919054985046387]
[2053, 0.23416543006896973]
[2054, 0.25067615509033203]
[2055, 0.22717595100402832]
[2056, 0.24317073822021484]
[2057, 0.21915364265441895]
[2058, 0.2141706943511963]
[2059, 0.33673810958862305]
[2060, 0.27369260787963867]
[2061, 0.22365856170654297]
[2062, 0.2201385498046875]
[2063, 0.24417400360107422]
[2064, 0.21967244148254395]
[2065, 0.2271418571472168]
[2066, 0.2236781120300293]
[2067, 0.22966289520263672]
[2068, 0.21065163612365723]
[2069, 0.20965147018432617]
[2070, 0.25770020484924316]
[2071, 0.25516319274902344]
[2072, 0.23767471313476562]
[2073, 0.24015307426452637]
[2074, 0.2156527042388916]
[2075, 0.21266913414001465]
[2076, 0.21715116500854492]
[2077, 0.21016788482666016]
[2078, 0.21466708183288574]
[2079, 0.21415209770202637]
[2080, 0.22313928604125977]
[2081, 0.2486717700958252]
[2082, 0.2136528491973877]
[2083, 0.21665406227111816]
[2084, 0.23564791679382324]
[2085, 0.2586648464202881]
[2086, 0.2781968116760254]
[2087, 0.2516789436340332]
[2088, 0.2251596450805664]
[2089, 0.2326803207397461]
[2090, 0.27320075035095215]
[2091, 0.23768377304077148]
[2092, 0.2281627655029297]
[2093, 0.2201542854309082]
[2094, 0.23470783233642578]
[2095, 0.23768138885498047]
[2096, 0.22416329383850098]
[2097, 0.23017549514770508]
[2098, 0.22166180610656738]
[2099, 0.2561948299407959]
[2100, 0.22814655303955078]
[2101, 0.21915483474731445]
[2102, 0.23916840553283691]
[2103, 0.3777744770050049]
[2104, 0.2661905288696289]
[2105, 0.31071972846984863]
[2106, 0.2782120704650879]
[2107, 0.7245137691497803]
[2108, 0.5398845672607422]
[2109, 0.3457448482513428]
[2110, 0.23566794395446777]
[2111, 0.24116969108581543]
[2112, 0.26518678665161133]
[2113, 0.29420900344848633]
[2114, 0.23116397857666016]
[2115, 0.2942075729370117]
[2116, 0.2496798038482666]
[2117, 0.26467275619506836]
[2118, 0.26969170570373535]
[2119, 0.26218485832214355]
[2120, 0.2646901607513428]
[2121, 0.27118945121765137]
[2122, 0.24468684196472168]
[2123, 0.2446742057800293]
[2124, 0.3122224807739258]
[2125, 0.26270127296447754]
[2126, 0.24315857887268066]
[2127, 0.25017642974853516]
[2128, 0.29972147941589355]
[2129, 0.2596921920776367]
[2130, 0.242689847946167]
[2131, 0.2566945552825928]
[2132, 0.2401583194732666]
[2133, 0.2441728115081787]
[2134, 0.23868823051452637]
[2135, 0.2601649761199951]
[2136, 0.2902207374572754]
[2137, 0.22920846939086914]
[2138, 0.24270844459533691]
[2139, 0.29370665550231934]
[2140, 0.26371121406555176]
[2141, 0.2251605987548828]
[2142, 0.2321634292602539]
[2143, 0.24317216873168945]
[2144, 0.2476949691772461]
[2145, 0.22916412353515625]
[2146, 0.2176663875579834]
[2147, 0.2136516571044922]
[2148, 0.23667144775390625]
[2149, 0.2221388816833496]
[2150, 0.22065949440002441]
[2151, 0.22167563438415527]
[2152, 0.21515226364135742]
[2153, 0.24618959426879883]
[2154, 0.23016786575317383]
[2155, 0.22314023971557617]
[2156, 0.249222993850708]
[2157, 0.2877061367034912]
[2158, 0.28072071075439453]
[2159, 0.24817728996276855]
[2160, 0.23816752433776855]
[2161, 0.2491893768310547]
[2162, 0.2541778087615967]
[2163, 0.23864960670471191]
[2164, 0.2441730499267578]
[2165, 0.23216485977172852]
[2166, 0.224686861038208]
[2167, 0.22818398475646973]
[2168, 0.22914457321166992]
[2169, 0.2642226219177246]
[2170, 0.24267196655273438]
[2171, 0.24590802192687988]
[2172, 0.2852027416229248]
[2173, 0.3002150058746338]
[2174, 0.27619457244873047]
[2175, 0.2642025947570801]
[2176, 0.24719500541687012]
[2177, 0.24317312240600586]
[2178, 0.23377180099487305]
[2179, 0.2606654167175293]
[2180, 0.2387983798980713]
[2181, 0.23868751525878906]
[2182, 0.23366665840148926]
[2183, 0.2231583595275879]
[2184, 0.22468233108520508]
[2185, 0.2591972351074219]
[2186, 0.26520371437072754]
[2187, 0.2356858253479004]
[2188, 0.23366618156433105]
[2189, 0.24167943000793457]
[2190, 0.23668742179870605]
[2191, 0.2261795997619629]
[2192, 0.2281816005706787]
[2193, 0.24017047882080078]
[2194, 0.23816919326782227]
[2195, 0.23215603828430176]
[2196, 0.2326650619506836]
[2197, 0.241654634475708]
[2198, 0.22814440727233887]
[2199, 0.24369072914123535]
[2200, 0.2737112045288086]
[2201, 0.23564839363098145]
[2202, 0.23416662216186523]
[2203, 0.23718619346618652]
[2204, 0.22966289520263672]
[2205, 0.24216890335083008]
[2206, 0.2326655387878418]
[2207, 0.236649751663208]
[2208, 0.22616100311279297]
[2209, 0.24167275428771973]
[2210, 0.23268342018127441]
[2211, 0.23867034912109375]
[2212, 0.2336876392364502]
[2213, 0.24517393112182617]
[2214, 0.24265480041503906]
[2215, 0.2396702766418457]
[2216, 0.2446916103363037]
[2217, 0.2421715259552002]
[2218, 0.2396681308746338]
[2219, 0.3137218952178955]
[2220, 0.3382396697998047]
[2221, 0.36525821685791016]
[2222, 0.2556800842285156]
[2223, 0.23718667030334473]
[2224, 0.2401900291442871]
[2225, 0.24369072914123535]
[2226, 0.24617624282836914]
[2227, 0.2371664047241211]
[2228, 0.23616743087768555]
[2229, 0.24969482421875]
[2230, 0.23666787147521973]
[2231, 0.24615693092346191]
[2232, 0.24119019508361816]
[2233, 0.2571842670440674]
[2234, 0.255662202835083]
[2235, 0.2631866931915283]
[2236, 0.2681884765625]
[2237, 0.2587125301361084]
[2238, 0.25466012954711914]
[2239, 0.2712383270263672]
[2240, 0.3402416706085205]
[2241, 0.3712639808654785]
[2242, 0.2902064323425293]
[2243, 0.24622273445129395]
[2244, 0.2471761703491211]
[2245, 0.25467944145202637]
[2246, 0.26667070388793945]
[2247, 0.2511773109436035]
[2248, 0.25023627281188965]
[2249, 0.28170037269592285]
[2250, 0.2751944065093994]
[2251, 0.2747213840484619]
[2252, 0.2586994171142578]
[2253, 0.2446749210357666]
[2254, 0.4232809543609619]
[2255, 0.30771803855895996]
[2256, 0.2751939296722412]
[2257, 0.26329517364501953]
[2258, 0.3357701301574707]
[2259, 0.3857588768005371]
[2260, 0.5343794822692871]
[2261, 0.26468825340270996]
[2262, 0.25318121910095215]
[2263, 0.2751955986022949]
[2264, 0.36431312561035156]
[2265, 0.3287343978881836]
[2266, 0.604428768157959]
[2267, 0.245192289352417]
[2268, 0.25169920921325684]
[2269, 0.2751750946044922]
[2270, 0.2401752471923828]
[2271, 0.2441730499267578]
[2272, 0.2527008056640625]
[2273, 0.2726936340332031]
[2274, 0.24415111541748047]
[2275, 0.24517416954040527]
[2276, 0.24915385246276855]
[2277, 0.2641870975494385]
[2278, 0.27217555046081543]
[2279, 0.2661716938018799]
[2280, 0.2586977481842041]
[2281, 0.25518083572387695]
[2282, 0.28920745849609375]
[2283, 0.42029857635498047]
[2284, 0.6964948177337646]
[2285, 0.6859869956970215]
[2286, 0.5104568004608154]
[2287, 0.47634029388427734]
[2288, 0.5779092311859131]
[2289, 0.46582937240600586]
[2290, 0.43530821800231934]
[2291, 0.4963533878326416]
[2292, 0.4092903137207031]
[2293, 0.4223001003265381]
[2294, 0.4077887535095215]
[2295, 0.2642064094543457]
[2296, 0.31722497940063477]
[2297, 0.28870463371276855]
[2298, 0.26519322395324707]
[2299, 0.27167415618896484]
[2300, 0.26717114448547363]
[2301, 0.2561814785003662]
[2302, 0.30771851539611816]
[2303, 0.25318384170532227]
[2304, 0.2642054557800293]
[2305, 0.2756927013397217]
[2306, 0.2852005958557129]
[2307, 0.2706770896911621]
[2308, 0.31473827362060547]
[2309, 0.292755126953125]
[2310, 0.26020264625549316]
[2311, 0.27677035331726074]
[2312, 0.2653183937072754]
[2313, 0.25968408584594727]
[2314, 0.2562267780303955]
[2315, 0.2592031955718994]
[2316, 0.26168298721313477]
[2317, 0.289703369140625]
[2318, 0.26479411125183105]
[2319, 0.2656893730163574]
[2320, 0.2611861228942871]
[2321, 0.2921895980834961]
[2322, 0.2616868019104004]
[2323, 0.2902066707611084]
[2324, 0.27969837188720703]
[2325, 0.30274176597595215]
[2326, 0.3167107105255127]
[2327, 0.31684207916259766]
[2328, 0.5714058876037598]
[2329, 0.45882558822631836]
[2330, 0.3567526340484619]
[2331, 0.39427971839904785]
[2332, 0.5088624954223633]
[2333, 0.31272220611572266]
[2334, 0.25966525077819824]
[2335, 0.2902209758758545]
[2336, 0.4267404079437256]
[2337, 0.31022167205810547]
[2338, 0.3052186965942383]
[2339, 0.3807673454284668]
[2340, 0.4773385524749756]
[2341, 0.31723976135253906]
[2342, 0.30976033210754395]
[2343, 0.3047146797180176]
[2344, 0.35124802589416504]
[2345, 0.30073118209838867]
[2346, 0.33924102783203125]
[2347, 0.34574103355407715]
[2348, 0.27221083641052246]
[2349, 0.2711925506591797]
[2350, 0.2811906337738037]
[2351, 0.26468849182128906]
[2352, 0.27971601486206055]
[2353, 0.26866960525512695]
[2354, 0.27671384811401367]
[2355, 0.2731757164001465]
[2356, 0.2912113666534424]
[2357, 0.3172035217285156]
[2358, 0.30522942543029785]
[2359, 0.3667459487915039]
[2360, 0.339740514755249]
[2361, 0.2762157917022705]
[2362, 0.3137507438659668]
[2363, 0.3128342628479004]
[2364, 0.29268908500671387]
[2365, 0.29871177673339844]
[2366, 0.3041965961456299]
[2367, 0.3497331142425537]
[2368, 0.32574915885925293]
[2369, 0.27569580078125]
[2370, 0.3097200393676758]
[2371, 0.29120659828186035]
[2372, 0.28620290756225586]
[2373, 0.2922079563140869]
[2374, 0.2736937999725342]
[2375, 0.2782163619995117]
[2376, 0.3087189197540283]
[2377, 0.2722945213317871]
[2378, 0.27919793128967285]
[2379, 0.2746763229370117]
[2380, 0.2757132053375244]
[2381, 0.28369808197021484]
[2382, 0.27417588233947754]
[2383, 0.2822000980377197]
[2384, 0.2992122173309326]
[2385, 0.3457465171813965]
[2386, 0.38231897354125977]
[2387, 0.48534274101257324]
[2388, 0.5809128284454346]
[2389, 0.4798393249511719]
[2390, 0.5483911037445068]
[2391, 0.5138649940490723]
[2392, 0.6459579467773438]
[2393, 0.5794117450714111]
[2394, 0.47083544731140137]
[2395, 0.35875511169433594]
[2396, 0.36325669288635254]
[2397, 0.29170823097229004]
[2398, 0.30770039558410645]
[2399, 0.30571842193603516]
[2400, 0.30971860885620117]
[2401, 0.327744722366333]
[2402, 0.33375048637390137]
[2403, 0.3022141456604004]
[2404, 0.34926271438598633]
[2405, 0.38927674293518066]
[2406, 0.3052186965942383]
[2407, 0.3067193031311035]
[2408, 0.30622267723083496]
[2409, 0.29819226264953613]
[2410, 0.3087193965911865]
[2411, 0.3697986602783203]
[2412, 0.31073975563049316]
[2413, 0.30971741676330566]
[2414, 0.29819226264953613]
[2415, 0.31473803520202637]
[2416, 0.3142080307006836]
[2417, 0.30321550369262695]
[2418, 0.30970168113708496]
[2419, 0.31070756912231445]
[2420, 0.317720890045166]
[2421, 0.30421948432922363]
[2422, 0.30970025062561035]
[2423, 0.3092193603515625]
[2424, 0.3282327651977539]
[2425, 0.30821704864501953]
[2426, 0.3107030391693115]
[2427, 0.30725884437561035]
[2428, 0.3092007637023926]
[2429, 0.3047349452972412]
[2430, 0.32471227645874023]
[2431, 0.312744140625]
[2432, 0.2961924076080322]
[2433, 0.33373451232910156]
[2434, 0.3092191219329834]
[2435, 0.30524587631225586]
[2436, 0.3332180976867676]
[2437, 0.3077535629272461]
[2438, 0.311737060546875]
[2439, 0.33623814582824707]
[2440, 0.3167235851287842]
[2441, 0.30071330070495605]
[2442, 0.30769896507263184]
[2443, 0.3237295150756836]
[2444, 0.30823802947998047]
[2445, 0.3312368392944336]
[2446, 0.3212277889251709]
[2447, 0.32621335983276367]
[2448, 0.30577898025512695]
[2449, 0.3218376636505127]
[2450, 0.3187692165374756]
[2451, 0.3006935119628906]
[2452, 0.32022833824157715]
[2453, 0.31271982192993164]
[2454, 0.3282153606414795]
[2455, 0.3427424430847168]
[2456, 0.316723108291626]
[2457, 0.3052356243133545]
[2458, 0.3882765769958496]
[2459, 0.33423686027526855]
[2460, 0.3197505474090576]
[2461, 0.3327357769012451]
[2462, 0.33826494216918945]
[2463, 0.31773829460144043]
[2464, 0.3142271041870117]
[2465, 0.33473825454711914]
[2466, 0.3397233486175537]
[2467, 0.38178586959838867]
[2468, 0.3152756690979004]
[2469, 0.3112211227416992]
[2470, 0.31972694396972656]
[2471, 0.33675456047058105]
[2472, 0.3687469959259033]
[2473, 0.3332376480102539]
[2474, 0.3327171802520752]
[2475, 0.3337514400482178]
[2476, 0.3337414264678955]
[2477, 0.3182258605957031]
[2478, 0.3277323246002197]
[2479, 0.333254337310791]
[2480, 0.3112199306488037]
[2481, 0.3177454471588135]
[2482, 0.32871437072753906]
[2483, 0.315704345703125]
[2484, 0.31522035598754883]
[2485, 0.32724928855895996]
[2486, 0.3147242069244385]
[2487, 0.32723021507263184]
[2488, 0.3292405605316162]
[2489, 0.3137035369873047]
[2490, 0.31322383880615234]
[2491, 0.3447439670562744]
[2492, 0.33373379707336426]
[2493, 0.31720757484436035]
[2494, 0.3352391719818115]
[2495, 0.36023759841918945]
[2496, 0.3842740058898926]
[2497, 0.33723974227905273]
[2498, 0.3182063102722168]
[2499, 0.4418148994445801]
[2500, 0.44281625747680664]
[2501, 0.3952822685241699]
[2502, 0.34124135971069336]
[2503, 0.3412299156188965]
[2504, 0.4598262310028076]
[2505, 0.44281482696533203]
[2506, 0.45182061195373535]
[2507, 0.4678313732147217]
[2508, 0.3977975845336914]
[2509, 0.3362555503845215]
[2510, 0.3212287425994873]
[2511, 0.36025500297546387]
[2512, 0.3427290916442871]
[2513, 0.3477475643157959]
[2514, 0.3402559757232666]
[2515, 0.34926629066467285]
[2516, 0.3352236747741699]
[2517, 0.33173656463623047]
[2518, 0.3352200984954834]
[2519, 0.3372926712036133]
[2520, 0.3457639217376709]
[2521, 0.3452632427215576]
[2522, 0.3157045841217041]
[2523, 0.47982239723205566]
[2524, 0.3732597827911377]
[2525, 0.34673237800598145]
[2526, 0.3962666988372803]
[2527, 0.34473156929016113]
[2528, 0.3412630558013916]
[2529, 0.34674525260925293]
[2530, 0.3512294292449951]
[2531, 0.35124945640563965]
[2532, 0.34876561164855957]
[2533, 0.33173608779907227]
[2534, 0.3422412872314453]
[2535, 0.351773738861084]
[2536, 0.3377225399017334]
[2537, 0.369762659072876]
[2538, 0.3542647361755371]
[2539, 0.34424448013305664]
[2540, 0.36374354362487793]
[2541, 0.41779613494873047]
[2542, 0.4798545837402344]
[2543, 0.3502674102783203]
[2544, 0.34823060035705566]
[2545, 0.3502681255340576]
[2546, 0.3442714214324951]
[2547, 0.35625505447387695]
[2548, 0.3457646369934082]
[2549, 0.3508036136627197]
[2550, 0.35775184631347656]
[2551, 0.35076308250427246]
[2552, 0.3552384376525879]
[2553, 0.37026262283325195]
[2554, 0.37128233909606934]
[2555, 0.3628220558166504]
[2556, 0.3857722282409668]
[2557, 0.35124635696411133]
[2558, 0.340761661529541]
[2559, 0.3477637767791748]
[2560, 0.37477970123291016]
[2561, 0.3617734909057617]
[2562, 0.352250337600708]
[2563, 0.3508286476135254]
[2564, 0.34674501419067383]
[2565, 0.3713037967681885]
[2566, 0.3572580814361572]
[2567, 0.35430455207824707]
[2568, 0.35074853897094727]
[2569, 0.41579365730285645]
[2570, 0.49234843254089355]
[2571, 0.38381266593933105]
[2572, 0.40128636360168457]
[2573, 0.38227176666259766]
[2574, 0.3427450656890869]
[2575, 0.3547706604003906]
[2576, 0.358752965927124]
[2577, 0.36075615882873535]
[2578, 0.36524224281311035]
[2579, 0.3647587299346924]
[2580, 0.378767728805542]
[2581, 0.42279934883117676]
[2582, 0.4217982292175293]
[2583, 0.4653303623199463]
[2584, 0.3642423152923584]
[2585, 0.3672759532928467]
[2586, 0.37628626823425293]
[2587, 0.38227105140686035]
[2588, 0.4628138542175293]
[2589, 0.37026453018188477]
[2590, 0.3667736053466797]
[2591, 0.3637566566467285]
[2592, 0.3692750930786133]
[2593, 0.38477492332458496]
[2594, 0.4122927188873291]
[2595, 0.4052884578704834]
[2596, 0.38081979751586914]
[2597, 0.35825562477111816]
[2598, 0.4192793369293213]
[2599, 0.45482325553894043]
[2600, 0.35082125663757324]
[2601, 0.3712477684020996]
[2602, 0.43389034271240234]
[2603, 0.3757669925689697]
[2604, 0.4698505401611328]
[2605, 0.34424304962158203]
[2606, 0.3742671012878418]
[2607, 0.35827183723449707]
[2608, 0.37226247787475586]
[2609, 0.3637557029724121]
[2610, 0.3527493476867676]
[2611, 0.3647780418395996]
[2612, 0.36022281646728516]
[2613, 0.34326672554016113]
[2614, 0.37180280685424805]
[2615, 0.35625219345092773]
[2616, 0.35176682472229004]
[2617, 0.36325716972351074]
[2618, 0.3622620105743408]
[2619, 0.34824657440185547]
[2620, 0.37026143074035645]
[2621, 0.35825228691101074]
[2622, 0.35233640670776367]
[2623, 0.36274075508117676]
[2624, 0.3532700538635254]
[2625, 0.3572354316711426]
[2626, 0.35585641860961914]
[2627, 0.34276247024536133]
[2628, 0.349729061126709]
[2629, 0.3517487049102783]
[2630, 0.3542520999908447]
[2631, 0.36325907707214355]
[2632, 0.3452446460723877]
[2633, 0.3512289524078369]
[2634, 0.3642714023590088]
[2635, 0.36978960037231445]
[2636, 0.3532683849334717]
[2637, 0.35875439643859863]
[2638, 0.3457465171813965]
[2639, 0.3717637062072754]
[2640, 0.3617393970489502]
[2641, 0.3583364486694336]
[2642, 0.39627838134765625]
[2643, 0.3647599220275879]
[2644, 0.3672630786895752]
[2645, 0.39177989959716797]
[2646, 0.3722658157348633]
[2647, 0.36574244499206543]
[2648, 0.37833642959594727]
[2649, 0.3742659091949463]
[2650, 0.41130781173706055]
[2651, 0.5208697319030762]
[2652, 0.3762683868408203]
[2653, 0.3573436737060547]
[2654, 0.3717832565307617]
[2655, 0.36974453926086426]
[2656, 0.37778687477111816]
[2657, 0.3592545986175537]
[2658, 0.36728692054748535]
[2659, 0.3637580871582031]
[2660, 0.37724876403808594]
[2661, 0.35374975204467773]
[2662, 0.35875558853149414]
[2663, 0.40633153915405273]
[2664, 0.3807997703552246]
[2665, 0.5218720436096191]
[2666, 0.3958289623260498]
[2667, 0.37274599075317383]
[2668, 0.36828088760375977]
[2669, 0.37776732444763184]
[2670, 0.3902757167816162]
[2671, 0.3817901611328125]
[2672, 0.39131808280944824]
[2673, 0.3672804832458496]
[2674, 0.37527990341186523]
[2675, 0.3682422637939453]
[2676, 0.3757619857788086]
[2677, 0.3807716369628906]
[2678, 0.3687419891357422]
[2679, 0.373762845993042]
[2680, 0.36132240295410156]
[2681, 0.38375377655029297]
[2682, 0.36525940895080566]
[2683, 0.3692631721496582]
[2684, 0.3812720775604248]
[2685, 0.37674927711486816]
[2686, 0.36177515983581543]
[2687, 0.36223888397216797]
[2688, 0.3612549304962158]
[2689, 0.3792695999145508]
[2690, 0.3692450523376465]
[2691, 0.40880489349365234]
[2692, 0.3767983913421631]
[2693, 0.383772611618042]
[2694, 0.38878893852233887]
[2695, 0.3782670497894287]
[2696, 0.3877747058868408]
[2697, 0.3797883987426758]
[2698, 0.42333173751831055]
[2699, 0.37726736068725586]
[2700, 0.369781494140625]
[2701, 0.3882582187652588]
[2702, 0.413311243057251]
[2703, 0.384763240814209]
[2704, 0.3902873992919922]
[2705, 0.3852660655975342]
[2706, 0.3798215389251709]
[2707, 0.38227081298828125]
[2708, 0.3852553367614746]
[2709, 0.38677549362182617]
[2710, 0.3792698383331299]
[2711, 0.37028074264526367]
[2712, 0.37276339530944824]
[2713, 0.3857901096343994]
[2714, 0.37526774406433105]
[2715, 0.3877749443054199]
[2716, 0.3943517208099365]
[2717, 0.38925695419311523]
[2718, 0.3977813720703125]
[2719, 0.3782672882080078]
[2720, 0.3862895965576172]
[2721, 0.3857853412628174]
[2722, 0.37578630447387695]
[2723, 0.3732635974884033]
[2724, 0.374265193939209]
[2725, 0.3887763023376465]
[2726, 0.38736844062805176]
[2727, 0.392852783203125]
[2728, 0.3932790756225586]
[2729, 0.37531471252441406]
[2730, 0.39027833938598633]
[2731, 0.3992645740509033]
[2732, 0.3932645320892334]
[2733, 0.37475109100341797]
[2734, 0.38329005241394043]
[2735, 0.37924981117248535]
[2736, 0.42530274391174316]
[2737, 0.3882765769958496]
[2738, 0.39529871940612793]
[2739, 0.37474679946899414]
[2740, 0.3882763385772705]
[2741, 0.38477182388305664]
[2742, 0.390796422958374]
[2743, 0.37526607513427734]
[2744, 0.4033360481262207]
[2745, 0.3882756233215332]
[2746, 0.3927788734436035]
[2747, 0.39376139640808105]
[2748, 0.38977599143981934]
[2749, 0.38477396965026855]
[2750, 0.38979482650756836]
[2751, 0.3862738609313965]
[2752, 0.39177799224853516]
[2753, 0.3762657642364502]
[2754, 0.4043283462524414]
[2755, 0.41329526901245117]
[2756, 0.40378713607788086]
[2757, 0.402787446975708]
[2758, 0.404266357421875]
[2759, 0.47333526611328125]
[2760, 0.39029622077941895]
[2761, 0.3872525691986084]
[2762, 0.391876220703125]
[2763, 0.3933696746826172]
[2764, 0.4002664089202881]
[2765, 0.37778806686401367]
[2766, 0.5669023990631104]
[2767, 0.3932657241821289]
[2768, 0.5148653984069824]
[2769, 0.5563962459564209]
[2770, 0.4648311138153076]
[2771, 0.40180349349975586]
[2772, 0.40580081939697266]
[2773, 0.40878939628601074]
[2774, 0.39431190490722656]
[2775, 0.3857743740081787]
[2776, 0.41727662086486816]
[2777, 0.44481611251831055]
[2778, 0.4338088035583496]
[2779, 0.4788398742675781]
[2780, 0.419297456741333]
[2781, 0.45232200622558594]
[2782, 0.43587684631347656]
[2783, 0.4122912883758545]
[2784, 0.4112966060638428]
[2785, 0.40078282356262207]
[2786, 0.38725709915161133]
[2787, 0.410808801651001]
[2788, 0.40881991386413574]
[2789, 0.41933274269104004]
[2790, 0.41777682304382324]
[2791, 0.41529417037963867]
[2792, 0.4172966480255127]
[2793, 0.40332460403442383]
[2794, 0.4122738838195801]
[2795, 0.4032859802246094]
[2796, 0.39783525466918945]
[2797, 0.4057886600494385]
[2798, 0.39878273010253906]
[2799, 0.43032073974609375]
[2800, 0.405292272567749]
[2801, 0.478320837020874]
[2802, 0.43232154846191406]
[2803, 0.4112982749938965]
[2804, 0.4818568229675293]
[2805, 0.5959217548370361]
[2806, 0.6784813404083252]
[2807, 0.526888370513916]
[2808, 0.5268592834472656]
[2809, 0.610389232635498]
[2810, 0.49685096740722656]
[2811, 0.5934224128723145]
[2812, 0.527895450592041]
[2813, 0.4888460636138916]
[2814, 0.44587230682373047]
[2815, 0.41027140617370605]
[2816, 0.4172961711883545]
[2817, 0.4187781810760498]
[2818, 0.4178159236907959]
[2819, 0.40828895568847656]
[2820, 0.42028021812438965]
[2821, 0.4052889347076416]
[2822, 0.5028576850891113]
[2823, 0.603438138961792]
[2824, 0.4468362331390381]
[2825, 0.40628838539123535]
[2826, 0.482342004776001]
[2827, 0.42331886291503906]
[2828, 0.5018572807312012]
[2829, 0.4468345642089844]
[2830, 0.4748191833496094]
[2831, 0.49235033988952637]
[2832, 0.4383387565612793]
[2833, 0.49335193634033203]
[2834, 0.42280101776123047]
[2835, 0.43480801582336426]
[2836, 0.3963024616241455]
[2837, 0.4017825126647949]
[2838, 0.4063429832458496]
[2839, 0.40384435653686523]
[2840, 0.3942995071411133]
[2841, 0.42136478424072266]
[2842, 0.46185851097106934]
[2843, 0.45183444023132324]
[2844, 0.41077709197998047]
[2845, 0.5689101219177246]
[2846, 0.4313058853149414]
[2847, 0.4187777042388916]
[2848, 0.41837024688720703]
[2849, 0.41931986808776855]
[2850, 0.52935791015625]
[2851, 0.44731831550598145]
[2852, 0.4208085536956787]
[2853, 0.46332859992980957]
[2854, 0.43387341499328613]
[2855, 0.4508211612701416]
[2856, 0.4363105297088623]
[2857, 0.42980504035949707]
[2858, 0.4283020496368408]
[2859, 0.4402918815612793]
[2860, 0.42534565925598145]
[2861, 0.5434134006500244]
[2862, 0.4608278274536133]
[2863, 0.4218001365661621]
[2864, 0.7360036373138428]
[2865, 0.4799230098724365]
[2866, 0.543886661529541]
[2867, 0.574474573135376]
[2868, 0.454819917678833]
[2869, 0.44031262397766113]
[2870, 0.5203902721405029]
[2871, 0.4483191967010498]
[2872, 0.5543923377990723]
[2873, 0.4228823184967041]
[2874, 0.47783994674682617]
[2875, 0.6284458637237549]
[2876, 0.44333338737487793]
[2877, 0.4343273639678955]
[2878, 0.40578794479370117]
[2879, 0.4248208999633789]
[2880, 0.5874106884002686]
[2881, 0.7451941967010498]
[2882, 0.639958381652832]
[2883, 0.524390459060669]
[2884, 0.43381619453430176]
[2885, 0.7004904747009277]
[2886, 0.47034573554992676]
[2887, 0.4668126106262207]
[2888, 0.7130045890808105]
[2889, 0.5679185390472412]
[2890, 0.49747514724731445]
[2891, 0.45984697341918945]
[2892, 0.4377918243408203]
[2893, 0.4553050994873047]
[2894, 0.41277217864990234]
[2895, 0.48432493209838867]
[2896, 0.4588017463684082]
[2897, 0.44638800621032715]
[2898, 0.42787647247314453]
[2899, 0.4477987289428711]
[2900, 0.41878366470336914]
[2901, 0.42028117179870605]
[2902, 0.4383103847503662]
[2903, 0.4233226776123047]
[2904, 0.46834373474121094]
[2905, 0.4418973922729492]
[2906, 0.44031214714050293]
[2907, 0.542370080947876]
[2908, 0.6609704494476318]
[2909, 0.4483370780944824]
[2910, 0.4332895278930664]
[2911, 0.6374335289001465]
[2912, 0.7910773754119873]
[2913, 0.7050015926361084]
[2914, 0.5859153270721436]
[2915, 0.6049513816833496]
[2916, 0.448319673538208]
[2917, 0.43431854248046875]
[2918, 0.4728572368621826]
[2919, 0.42980504035949707]
[2920, 0.42387819290161133]
[2921, 0.5584127902984619]
[2922, 0.8415982723236084]
[2923, 0.5839138031005859]
[2924, 0.682985782623291]
[2925, 0.5934221744537354]
[2926, 0.5223710536956787]
[2927, 0.4408128261566162]
[2928, 0.4693183898925781]
[2929, 0.42980527877807617]
