[0, 1.6689300537109375e-06]
[1, 1.6689300537109375e-06]
[2, 5.9604644775390625e-06]
[3, 1.049041748046875e-05]
[4, 1.5735626220703125e-05]
[5, 1.9073486328125e-05]
[6, 2.2172927856445312e-05]
[7, 2.5987625122070312e-05]
[8, 3.409385681152344e-05]
[9, 3.218650817871094e-05]
[10, 4.076957702636719e-05]
[11, 4.839897155761719e-05]
[12, 5.7697296142578125e-05]
[13, 6.151199340820312e-05]
[14, 7.05718994140625e-05]
[15, 7.319450378417969e-05]
[16, 7.939338684082031e-05]
[17, 8.249282836914062e-05]
[18, 9.298324584960938e-05]
[19, 9.560585021972656e-05]
[20, 0.00010013580322265625]
[21, 0.00011539459228515625]
[22, 0.00012564659118652344]
[23, 0.00013184547424316406]
[24, 0.00013375282287597656]
[25, 0.0001308917999267578]
[26, 0.0001277923583984375]
[27, 0.00012731552124023438]
[28, 0.00014591217041015625]
[29, 0.00014781951904296875]
[30, 0.00018358230590820312]
[31, 0.0001804828643798828]
[32, 0.00018906593322753906]
[33, 0.0002028942108154297]
[34, 0.00019979476928710938]
[35, 0.0002148151397705078]
[36, 0.0002148151397705078]
[37, 0.00021147727966308594]
[38, 0.0002315044403076172]
[39, 0.0002484321594238281]
[40, 0.00024962425231933594]
[41, 0.00025272369384765625]
[42, 0.00026488304138183594]
[43, 0.0002868175506591797]
[44, 0.00026988983154296875]
[45, 0.0002422332763671875]
[46, 0.0002894401550292969]
[47, 0.00022673606872558594]
[48, 0.00030493736267089844]
[49, 0.00028705596923828125]
[50, 0.00031280517578125]
[51, 0.0003504753112792969]
[52, 0.0003418922424316406]
[53, 0.0002834796905517578]
[54, 0.0003483295440673828]
[55, 0.0003635883331298828]
[56, 0.0003070831298828125]
[57, 0.0003590583801269531]
[58, 0.0002741813659667969]
[59, 0.0002124309539794922]
[60, 0.00021195411682128906]
[61, 0.0002243518829345703]
[62, 0.0002288818359375]
[63, 0.00023174285888671875]
[64, 0.00023627281188964844]
[65, 0.0002465248107910156]
[66, 0.00024890899658203125]
[67, 0.0002484321594238281]
[68, 0.00025725364685058594]
[69, 0.0002639293670654297]
[70, 0.00026702880859375]
[71, 0.0002677440643310547]
[72, 0.0002713203430175781]
[73, 0.00028014183044433594]
[74, 0.00028395652770996094]
[75, 0.00029540061950683594]
[76, 0.00029969215393066406]
[77, 0.0002942085266113281]
[78, 0.00030994415283203125]
[79, 0.00031304359436035156]
[80, 0.00030732154846191406]
[81, 0.0003139972686767578]
[82, 0.0003192424774169922]
[83, 0.00033092498779296875]
[84, 0.00032448768615722656]
[85, 0.0003361701965332031]
[86, 0.0003414154052734375]
[87, 0.0003459453582763672]
[88, 0.00035381317138671875]
[89, 0.0003523826599121094]
[90, 0.000354766845703125]
[91, 0.00039315223693847656]
[92, 0.0004107952117919922]
[93, 0.0004138946533203125]
[94, 0.0004267692565917969]
[95, 0.0003795623779296875]
[96, 0.0003879070281982422]
[97, 0.00039386749267578125]
[98, 0.000408172607421875]
[99, 0.00040984153747558594]
[100, 0.00041294097900390625]
[101, 0.00042128562927246094]
[102, 0.000415802001953125]
[103, 0.00043487548828125]
[104, 0.0004127025604248047]
[105, 0.0004374980926513672]
[106, 0.0004367828369140625]
[107, 0.0004482269287109375]
[108, 0.00045228004455566406]
[109, 0.00046133995056152344]
[110, 0.0004534721374511719]
[111, 0.0004687309265136719]
[112, 0.00048351287841796875]
[113, 0.00047206878662109375]
[114, 0.0004904270172119141]
[115, 0.0004858970642089844]
[116, 0.0004887580871582031]
[117, 0.0004839897155761719]
[118, 0.0005097389221191406]
[119, 0.0005211830139160156]
[120, 0.0005249977111816406]
[121, 0.0005352497100830078]
[122, 0.0005130767822265625]
[123, 0.0005397796630859375]
[124, 0.0005352497100830078]
[125, 0.0005333423614501953]
[126, 0.0005581378936767578]
[127, 0.0005481243133544922]
[128, 0.0005609989166259766]
[129, 0.0005719661712646484]
[130, 0.000576019287109375]
[131, 0.0005702972412109375]
[132, 0.0005626678466796875]
[133, 0.0005893707275390625]
[134, 0.0005865097045898438]
[135, 0.0005917549133300781]
[136, 0.0005943775177001953]
[137, 0.0006127357482910156]
[138, 0.0005965232849121094]
[139, 0.0006113052368164062]
[140, 0.0006256103515625]
[141, 0.00063323974609375]
[142, 0.0006461143493652344]
[143, 0.000640869140625]
[144, 0.0006456375122070312]
[145, 0.0006465911865234375]
[146, 0.0006589889526367188]
[147, 0.0006573200225830078]
[148, 0.0006663799285888672]
[149, 0.0006740093231201172]
[150, 0.0006725788116455078]
[151, 0.0006849765777587891]
[152, 0.0006959438323974609]
[153, 0.0006861686706542969]
[154, 0.0006966590881347656]
[155, 0.0007140636444091797]
[156, 0.0006961822509765625]
[157, 0.00070953369140625]
[158, 0.0006992816925048828]
[159, 0.0007319450378417969]
[160, 0.0007255077362060547]
[161, 0.0007340908050537109]
[162, 0.0007483959197998047]
[163, 0.0007455348968505859]
[164, 0.0007402896881103516]
[165, 0.0007443428039550781]
[166, 0.0007815361022949219]
[167, 0.0007727146148681641]
[168, 0.0007746219635009766]
[169, 0.0007839202880859375]
[170, 0.0007631778717041016]
[171, 0.0007991790771484375]
[172, 0.0007977485656738281]
[173, 0.0008087158203125]
[174, 0.0008137226104736328]
[175, 0.0008187294006347656]
[176, 0.0008230209350585938]
[177, 0.0008351802825927734]
[178, 0.0008263587951660156]
[179, 0.0008366107940673828]
[180, 0.0008645057678222656]
[181, 0.0008814334869384766]
[182, 0.0008599758148193359]
[183, 0.0008795261383056641]
[184, 0.0008602142333984375]
[185, 0.0008664131164550781]
[186, 0.0008831024169921875]
[187, 0.0008718967437744141]
[188, 0.0008862018585205078]
[189, 0.0008864402770996094]
[190, 0.0008864402770996094]
[191, 0.0009021759033203125]
[192, 0.0009551048278808594]
[193, 0.0009913444519042969]
[194, 0.000982522964477539]
[195, 0.0009925365447998047]
[196, 0.0009317398071289062]
[197, 0.0009212493896484375]
[198, 0.0009403228759765625]
[199, 0.0009570121765136719]
[200, 0.0009589195251464844]
[201, 0.0009562969207763672]
[202, 0.0009789466857910156]
[203, 0.0009713172912597656]
[204, 0.000986337661743164]
[205, 0.0010042190551757812]
[206, 0.0009872913360595703]
[207, 0.0010006427764892578]
[208, 0.0010018348693847656]
[209, 0.0010159015655517578]
[210, 0.0010113716125488281]
[211, 0.0010182857513427734]
[212, 0.001033782958984375]
[213, 0.0010406970977783203]
[214, 0.0010449886322021484]
[215, 0.0010454654693603516]
[216, 0.0010368824005126953]
[217, 0.0011010169982910156]
[218, 0.0010836124420166016]
[219, 0.0011217594146728516]
[220, 0.0011222362518310547]
[221, 0.0010881423950195312]
[222, 0.0010864734649658203]
[223, 0.0010991096496582031]
[224, 0.001100301742553711]
[225, 0.0010886192321777344]
[226, 0.001112222671508789]
[227, 0.0011119842529296875]
[228, 0.0011034011840820312]
[229, 0.0011239051818847656]
[230, 0.0011403560638427734]
[231, 0.0011370182037353516]
[232, 0.001132965087890625]
[233, 0.0011496543884277344]
[234, 0.0011658668518066406]
[235, 0.0011620521545410156]
[236, 0.0011739730834960938]
[237, 0.0011718273162841797]
[238, 0.0011882781982421875]
[239, 0.001184701919555664]
[240, 0.0012111663818359375]
[241, 0.0011935234069824219]
[242, 0.0012009143829345703]
[243, 0.0012116432189941406]
[244, 0.001215219497680664]
[245, 0.0012187957763671875]
[246, 0.0012218952178955078]
[247, 0.0012323856353759766]
[248, 0.0012269020080566406]
[249, 0.0012302398681640625]
[250, 0.001283884048461914]
[251, 0.0012829303741455078]
[252, 0.0012593269348144531]
[253, 0.0012593269348144531]
[254, 0.0012526512145996094]
[255, 0.0012912750244140625]
[256, 0.0012905597686767578]
[257, 0.0012755393981933594]
[258, 0.001287221908569336]
[259, 0.0012955665588378906]
[260, 0.0012860298156738281]
[261, 0.0012955665588378906]
[262, 0.0013098716735839844]
[263, 0.0012974739074707031]
[264, 0.0013353824615478516]
[265, 0.0013265609741210938]
[266, 0.0013687610626220703]
[267, 0.0013332366943359375]
[268, 0.0013556480407714844]
[269, 0.0013427734375]
[270, 0.0013744831085205078]
[271, 0.0014257431030273438]
[272, 0.001378774642944336]
[273, 0.0013804435729980469]
[274, 0.0013861656188964844]
[275, 0.0014061927795410156]
[276, 0.001394510269165039]
[277, 0.0014433860778808594]
[278, 0.0014812946319580078]
[279, 0.0014159679412841797]
[280, 0.0014238357543945312]
[281, 0.0014271736145019531]
[282, 0.0014193058013916016]
[283, 0.0014529228210449219]
[284, 0.0014486312866210938]
[285, 0.00146484375]
[286, 0.0014684200286865234]
[287, 0.0014615058898925781]
[288, 0.0014979839324951172]
[289, 0.0014920234680175781]
[290, 0.0015037059783935547]
[291, 0.0014886856079101562]
[292, 0.0015115737915039062]
[293, 0.0015246868133544922]
[294, 0.0015113353729248047]
[295, 0.0015385150909423828]
[296, 0.0015425682067871094]
[297, 0.00153350830078125]
[298, 0.001619577407836914]
[299, 0.0015323162078857422]
[300, 0.0015537738800048828]
[301, 0.0015382766723632812]
[302, 0.0016198158264160156]
[303, 0.0016124248504638672]
[304, 0.0015993118286132812]
[305, 0.0016832351684570312]
[306, 0.0016064643859863281]
[307, 0.0016524791717529297]
[308, 0.0016105175018310547]
[309, 0.001603841781616211]
[310, 0.0016207695007324219]
[311, 0.0016293525695800781]
[312, 0.001631021499633789]
[313, 0.001703023910522461]
[314, 0.0016491413116455078]
[315, 0.0016891956329345703]
[316, 0.0016813278198242188]
[317, 0.0016558170318603516]
[318, 0.0016603469848632812]
[319, 0.0016911029815673828]
[320, 0.001676321029663086]
[321, 0.00170135498046875]
[322, 0.0016818046569824219]
[323, 0.001680135726928711]
[324, 0.0016942024230957031]
[325, 0.001699686050415039]
[326, 0.0017247200012207031]
[327, 0.0017993450164794922]
[328, 0.0017774105072021484]
[329, 0.0017457008361816406]
[330, 0.0017666816711425781]
[331, 0.0017480850219726562]
[332, 0.0017232894897460938]
[333, 0.001771688461303711]
[334, 0.0017642974853515625]
[335, 0.001771688461303711]
[336, 0.0017788410186767578]
[337, 0.0018417835235595703]
[338, 0.0017936229705810547]
[339, 0.0017924308776855469]
[340, 0.001804351806640625]
[341, 0.0018177032470703125]
[342, 0.0018057823181152344]
[343, 0.001827239990234375]
[344, 0.0018239021301269531]
[345, 0.0018205642700195312]
[346, 0.0018303394317626953]
[347, 0.00185394287109375]
[348, 0.0018651485443115234]
[349, 0.0018839836120605469]
[350, 0.0019054412841796875]
[351, 0.0019075870513916016]
[352, 0.0018992424011230469]
[353, 0.001916646957397461]
[354, 0.0018923282623291016]
[355, 0.0019333362579345703]
[356, 0.0019037723541259766]
[357, 0.0018916130065917969]
[358, 0.0019259452819824219]
[359, 0.0019330978393554688]
[360, 0.001916646957397461]
[361, 0.0019392967224121094]
[362, 0.0019412040710449219]
[363, 0.0019576549530029297]
[364, 0.001966238021850586]
[365, 0.0019774436950683594]
[366, 0.002056121826171875]
[367, 0.0019960403442382812]
[368, 0.001960277557373047]
[369, 0.002051115036010742]
[370, 0.002071380615234375]
[371, 0.0020329952239990234]
[372, 0.0020227432250976562]
[373, 0.002048015594482422]
[374, 0.0020780563354492188]
[375, 0.0020520687103271484]
[376, 0.0021381378173828125]
[377, 0.002042531967163086]
[378, 0.002054452896118164]
[379, 0.0020558834075927734]
[380, 0.0020754337310791016]
[381, 0.002087116241455078]
[382, 0.0021028518676757812]
[383, 0.002112865447998047]
[384, 0.002108335494995117]
[385, 0.002127408981323242]
[386, 0.002196788787841797]
[387, 0.0021359920501708984]
[388, 0.002113819122314453]
[389, 0.0022897720336914062]
[390, 0.002302885055541992]
[391, 0.0021827220916748047]
[392, 0.0021562576293945312]
[393, 0.0021648406982421875]
[394, 0.0021300315856933594]
[395, 0.002172708511352539]
[396, 0.0021779537200927734]
[397, 0.002177715301513672]
[398, 0.0021789073944091797]
[399, 0.002181529998779297]
[400, 0.0022008419036865234]
[401, 0.002328157424926758]
[402, 0.002367734909057617]
[403, 0.0022177696228027344]
[404, 0.002235889434814453]
[405, 0.002262592315673828]
[406, 0.002308368682861328]
[407, 0.0023605823516845703]
[408, 0.0022673606872558594]
[409, 0.002266407012939453]
[410, 0.002279996871948242]
[411, 0.0022678375244140625]
[412, 0.0024182796478271484]
[413, 0.0024144649505615234]
[414, 0.002324342727661133]
[415, 0.0022995471954345703]
[416, 0.0023145675659179688]
[417, 0.002322673797607422]
[418, 0.0023124217987060547]
[419, 0.0023508071899414062]
[420, 0.0023589134216308594]
[421, 0.0024352073669433594]
[422, 0.0023407936096191406]
[423, 0.0023636817932128906]
[424, 0.0024957656860351562]
[425, 0.0025048255920410156]
[426, 0.0023691654205322266]
[427, 0.002405405044555664]
[428, 0.002393484115600586]
[429, 0.0024101734161376953]
[430, 0.0024263858795166016]
[431, 0.002446413040161133]
[432, 0.002418994903564453]
[433, 0.002431631088256836]
[434, 0.0024323463439941406]
[435, 0.0024487972259521484]
[436, 0.002435922622680664]
[437, 0.002471446990966797]
[438, 0.0024628639221191406]
[439, 0.0025947093963623047]
[440, 0.0025217533111572266]
[441, 0.0024852752685546875]
[442, 0.0024950504302978516]
[443, 0.002510547637939453]
[444, 0.0025186538696289062]
[445, 0.0025207996368408203]
[446, 0.0026357173919677734]
[447, 0.002530813217163086]
[448, 0.002538442611694336]
[449, 0.0025205612182617188]
[450, 0.0025603771209716797]
[451, 0.0025739669799804688]
[452, 0.0025751590728759766]
[453, 0.0025811195373535156]
[454, 0.002574920654296875]
[455, 0.002667665481567383]
[456, 0.002582550048828125]
[457, 0.0026040077209472656]
[458, 0.002597332000732422]
[459, 0.0026178359985351562]
[460, 0.002635955810546875]
[461, 0.002641439437866211]
[462, 0.002706766128540039]
[463, 0.0026416778564453125]
[464, 0.0026607513427734375]
[465, 0.0026543140411376953]
[466, 0.0026268959045410156]
[467, 0.002666950225830078]
[468, 0.0026710033416748047]
[469, 0.0026891231536865234]
[470, 0.002802133560180664]
[471, 0.002752065658569336]
[472, 0.002682209014892578]
[473, 0.0027000904083251953]
[474, 0.0027055740356445312]
[475, 0.0027747154235839844]
[476, 0.0027098655700683594]
[477, 0.0027277469635009766]
[478, 0.0027551651000976562]
[479, 0.002760648727416992]
[480, 0.002751588821411133]
[481, 0.0030012130737304688]
[482, 0.002766132354736328]
[483, 0.0028808116912841797]
[484, 0.0028734207153320312]
[485, 0.002839326858520508]
[486, 0.002830982208251953]
[487, 0.0028090476989746094]
[488, 0.0029015541076660156]
[489, 0.0028731822967529297]
[490, 0.0028502941131591797]
[491, 0.002821207046508789]
[492, 0.0028257369995117188]
[493, 0.00287628173828125]
[494, 0.0028412342071533203]
[495, 0.0028564929962158203]
[496, 0.0028684139251708984]
[497, 0.0030755996704101562]
[498, 0.002894878387451172]
[499, 0.002871990203857422]
[500, 0.0028963088989257812]
[501, 0.0030066967010498047]
[502, 0.0029144287109375]
[503, 0.002920866012573242]
[504, 0.0029015541076660156]
[505, 0.0029354095458984375]
[506, 0.002955198287963867]
[507, 0.0029489994049072266]
[508, 0.002934694290161133]
[509, 0.0029544830322265625]
[510, 0.0030167102813720703]
[511, 0.0030939579010009766]
[512, 0.002974271774291992]
[513, 0.0029764175415039062]
[514, 0.0037755966186523438]
[515, 0.0030281543731689453]
[516, 0.0030264854431152344]
[517, 0.003022909164428711]
[518, 0.0030078887939453125]
[519, 0.003039836883544922]
[520, 0.003238677978515625]
[521, 0.0030717849731445312]
[522, 0.0030829906463623047]
[523, 0.0030510425567626953]
[524, 0.0032143592834472656]
[525, 0.0031070709228515625]
[526, 0.003086090087890625]
[527, 0.0030918121337890625]
[528, 0.003114938735961914]
[529, 0.003121614456176758]
[530, 0.0031332969665527344]
[531, 0.0031309127807617188]
[532, 0.0031499862670898438]
[533, 0.0031371116638183594]
[534, 0.0031502246856689453]
[535, 0.003163576126098633]
[536, 0.003168821334838867]
[537, 0.003276824951171875]
[538, 0.003255128860473633]
[539, 0.0032358169555664062]
[540, 0.0031859874725341797]
[541, 0.003191709518432617]
[542, 0.0032091140747070312]
[543, 0.0032320022583007812]
[544, 0.003240346908569336]
[545, 0.0034542083740234375]
[546, 0.0032100677490234375]
[547, 0.003245115280151367]
[548, 0.003322124481201172]
[549, 0.0033097267150878906]
[550, 0.0032668113708496094]
[551, 0.0032644271850585938]
[552, 0.003289461135864258]
[553, 0.003307342529296875]
[554, 0.0032873153686523438]
[555, 0.0033197402954101562]
[556, 0.003335237503051758]
[557, 0.0033113956451416016]
[558, 0.003323793411254883]
[559, 0.0033359527587890625]
[560, 0.003495931625366211]
[561, 0.003359556198120117]
[562, 0.003388643264770508]
[563, 0.0034825801849365234]
[564, 0.003376483917236328]
[565, 0.003404378890991211]
[566, 0.0033664703369140625]
[567, 0.0033936500549316406]
[568, 0.0034139156341552734]
[569, 0.0033981800079345703]
[570, 0.0034143924713134766]
[571, 0.003396749496459961]
[572, 0.0035512447357177734]
[573, 0.003448963165283203]
[574, 0.0034601688385009766]
[575, 0.003465414047241211]
[576, 0.003446340560913086]
[577, 0.0035021305084228516]
[578, 0.0034894943237304688]
[579, 0.0034961700439453125]
[580, 0.0035085678100585938]
[581, 0.003504514694213867]
[582, 0.0035152435302734375]
[583, 0.003522157669067383]
[584, 0.0036249160766601562]
[585, 0.0035173892974853516]
[586, 0.003553628921508789]
[587, 0.003576517105102539]
[588, 0.0035393238067626953]
[589, 0.0035419464111328125]
[590, 0.00359344482421875]
[591, 0.0035829544067382812]
[592, 0.0035829544067382812]
[593, 0.0035762786865234375]
[594, 0.0035867691040039062]
[595, 0.0036163330078125]
[596, 0.0037262439727783203]
[597, 0.0037276744842529297]
[598, 0.0036280155181884766]
[599, 0.0036246776580810547]
[600, 0.0036325454711914062]
[601, 0.0036454200744628906]
[602, 0.003674745559692383]
[603, 0.003690004348754883]
[604, 0.0037102699279785156]
[605, 0.003668546676635742]
[606, 0.003681659698486328]
[607, 0.0037202835083007812]
[608, 0.003839731216430664]
[609, 0.00376129150390625]
[610, 0.003946781158447266]
[611, 0.0037534236907958984]
[612, 0.0037283897399902344]
[613, 0.0037479400634765625]
[614, 0.003756999969482422]
[615, 0.003777742385864258]
[616, 0.0037419795989990234]
[617, 0.003887653350830078]
[618, 0.003963947296142578]
[619, 0.004023313522338867]
[620, 0.003841400146484375]
[621, 0.003838062286376953]
[622, 0.0038154125213623047]
[623, 0.003850698471069336]
[624, 0.0038557052612304688]
[625, 0.004008054733276367]
[626, 0.0038406848907470703]
[627, 0.0038611888885498047]
[628, 0.00404047966003418]
[629, 0.003890514373779297]
[630, 0.003893136978149414]
[631, 0.0038957595825195312]
[632, 0.0038869380950927734]
[633, 0.003900289535522461]
[634, 0.004091978073120117]
[635, 0.003906726837158203]
[636, 0.0041201114654541016]
[637, 0.003991842269897461]
[638, 0.003981828689575195]
[639, 0.0039827823638916016]
[640, 0.0039708614349365234]
[641, 0.0040130615234375]
[642, 0.004008054733276367]
[643, 0.00401759147644043]
[644, 0.0041048526763916016]
[645, 0.004300832748413086]
[646, 0.003998756408691406]
[647, 0.004351377487182617]
[648, 0.0040471553802490234]
[649, 0.0040514469146728516]
[650, 0.004043102264404297]
[651, 0.004058122634887695]
[652, 0.004062175750732422]
[653, 0.004073619842529297]
[654, 0.0040738582611083984]
[655, 0.004086017608642578]
[656, 0.004070281982421875]
[657, 0.004282236099243164]
[658, 0.004184722900390625]
[659, 0.004103899002075195]
[660, 0.004099607467651367]
[661, 0.004143714904785156]
[662, 0.00426030158996582]
[663, 0.004315614700317383]
[664, 0.004117250442504883]
[665, 0.004198551177978516]
[666, 0.0041882991790771484]
[667, 0.004399538040161133]
[668, 0.0041811466217041016]
[669, 0.004185914993286133]
[670, 0.004157543182373047]
[671, 0.004208803176879883]
[672, 0.004204273223876953]
[673, 0.004202365875244141]
[674, 0.00420832633972168]
[675, 0.0042362213134765625]
[676, 0.004251241683959961]
[677, 0.004395246505737305]
[678, 0.004265546798706055]
[679, 0.004369497299194336]
[680, 0.004267215728759766]
[681, 0.0044803619384765625]
[682, 0.004275083541870117]
[683, 0.004302263259887695]
[684, 0.004323005676269531]
[685, 0.0044972896575927734]
[686, 0.004465341567993164]
[687, 0.004326581954956055]
[688, 0.004610538482666016]
[689, 0.004351139068603516]
[690, 0.004376888275146484]
[691, 0.0043909549713134766]
[692, 0.004375934600830078]
[693, 0.004488945007324219]
[694, 0.004577159881591797]
[695, 0.004630327224731445]
[696, 0.004457950592041016]
[697, 0.004451274871826172]
[698, 0.004463672637939453]
[699, 0.00440669059753418]
[700, 0.004443168640136719]
[701, 0.004437685012817383]
[702, 0.004412412643432617]
[703, 0.004535198211669922]
[704, 0.004540443420410156]
[705, 0.004483938217163086]
[706, 0.004472494125366211]
[707, 0.004503965377807617]
[708, 0.004492521286010742]
[709, 0.004523277282714844]
[710, 0.0051724910736083984]
[711, 0.004562854766845703]
[712, 0.004534721374511719]
[713, 0.004678487777709961]
[714, 0.00457453727722168]
[715, 0.004683971405029297]
[716, 0.004560947418212891]
[717, 0.0045702457427978516]
[718, 0.004537343978881836]
[719, 0.00461888313293457]
[720, 0.004616260528564453]
[721, 0.004729032516479492]
[722, 0.00476837158203125]
[723, 0.0048143863677978516]
[724, 0.004632711410522461]
[725, 0.004671335220336914]
[726, 0.004668474197387695]
[727, 0.004681825637817383]
[728, 0.0046536922454833984]
[729, 0.004687786102294922]
[730, 0.004632711410522461]
[731, 0.004872560501098633]
[732, 0.004807949066162109]
[733, 0.0047054290771484375]
[734, 0.0046765804290771484]
[735, 0.004744052886962891]
[736, 0.004692554473876953]
[737, 0.00471949577331543]
[738, 0.004739999771118164]
[739, 0.0047321319580078125]
[740, 0.0048105716705322266]
[741, 0.0049114227294921875]
[742, 0.004762172698974609]
[743, 0.004811763763427734]
[744, 0.004796504974365234]
[745, 0.004818916320800781]
[746, 0.00482177734375]
[747, 0.004821062088012695]
[748, 0.004987478256225586]
[749, 0.004851818084716797]
[750, 0.0049970149993896484]
[751, 0.004912853240966797]
[752, 0.0050449371337890625]
[753, 0.0050258636474609375]
[754, 0.004895448684692383]
[755, 0.004877567291259766]
[756, 0.004886627197265625]
[757, 0.00487065315246582]
[758, 0.005080699920654297]
[759, 0.004943370819091797]
[760, 0.004895687103271484]
[761, 0.004926443099975586]
[762, 0.004909038543701172]
[763, 0.004941225051879883]
[764, 0.004976034164428711]
[765, 0.004954099655151367]
[766, 0.00510406494140625]
[767, 0.005072355270385742]
[768, 0.0056416988372802734]
[769, 0.005034208297729492]
[770, 0.005036830902099609]
[771, 0.004996538162231445]
[772, 0.005011796951293945]
[773, 0.005240201950073242]
[774, 0.005299568176269531]
[775, 0.005048990249633789]
[776, 0.005051374435424805]
[777, 0.005060672760009766]
[778, 0.005042314529418945]
[779, 0.005291938781738281]
[780, 0.0053403377532958984]
[781, 0.0053005218505859375]
[782, 0.005112409591674805]
[783, 0.005125522613525391]
[784, 0.005087614059448242]
[785, 0.005312204360961914]
[786, 0.005360126495361328]
[787, 0.005152225494384766]
[788, 0.005156517028808594]
[789, 0.005361318588256836]
[790, 0.0052144527435302734]
[791, 0.00517582893371582]
[792, 0.005199432373046875]
[793, 0.005250692367553711]
[794, 0.0052297115325927734]
[795, 0.005413532257080078]
[796, 0.005222797393798828]
[797, 0.0053768157958984375]
[798, 0.005248308181762695]
[799, 0.0052754878997802734]
[800, 0.005254983901977539]
[801, 0.005259990692138672]
[802, 0.005305290222167969]
[803, 0.005377054214477539]
[804, 0.005257368087768555]
[805, 0.005523204803466797]
[806, 0.005463361740112305]
[807, 0.0055425167083740234]
[808, 0.005322933197021484]
[809, 0.005342006683349609]
[810, 0.005328655242919922]
[811, 0.0053865909576416016]
[812, 0.005351543426513672]
[813, 0.005586385726928711]
[814, 0.005335569381713867]
[815, 0.005392551422119141]
[816, 0.005378007888793945]
[817, 0.005400896072387695]
[818, 0.005422830581665039]
[819, 0.005401134490966797]
[820, 0.005535125732421875]
[821, 0.005765438079833984]
[822, 0.005390644073486328]
[823, 0.005416393280029297]
[824, 0.0054721832275390625]
[825, 0.005463123321533203]
[826, 0.0054547786712646484]
[827, 0.005436420440673828]
[828, 0.005580425262451172]
[829, 0.005600452423095703]
[830, 0.0055081844329833984]
[831, 0.0055637359619140625]
[832, 0.005811452865600586]
[833, 0.005527973175048828]
[834, 0.005523204803466797]
[835, 0.005749702453613281]
[836, 0.005895376205444336]
[837, 0.005850315093994141]
[838, 0.005566835403442383]
[839, 0.005818843841552734]
[840, 0.005570411682128906]
[841, 0.005669832229614258]
[842, 0.00588536262512207]
[843, 0.005650997161865234]
[844, 0.005609989166259766]
[845, 0.0056798458099365234]
[846, 0.005685567855834961]
[847, 0.0056629180908203125]
[848, 0.00577998161315918]
[849, 0.005927562713623047]
[850, 0.00567173957824707]
[851, 0.005700111389160156]
[852, 0.005762338638305664]
[853, 0.006030082702636719]
[854, 0.005725383758544922]
[855, 0.005795001983642578]
[856, 0.00581049919128418]
[857, 0.00572657585144043]
[858, 0.005728721618652344]
[859, 0.005746364593505859]
[860, 0.006318807601928711]
[861, 0.00577855110168457]
[862, 0.005792856216430664]
[863, 0.00580596923828125]
[864, 0.0058786869049072266]
[865, 0.005829811096191406]
[866, 0.0058078765869140625]
[867, 0.006081581115722656]
[868, 0.006013631820678711]
[869, 0.005868673324584961]
[870, 0.005835771560668945]
[871, 0.0058596134185791016]
[872, 0.005909919738769531]
[873, 0.006013154983520508]
[874, 0.006066083908081055]
[875, 0.006079196929931641]
[876, 0.0059735774993896484]
[877, 0.00594639778137207]
[878, 0.0060651302337646484]
[879, 0.0059528350830078125]
[880, 0.005936861038208008]
[881, 0.006047964096069336]
[882, 0.00598907470703125]
[883, 0.005968809127807617]
[884, 0.005967378616333008]
[885, 0.005987644195556641]
[886, 0.006027698516845703]
[887, 0.006041526794433594]
[888, 0.006082057952880859]
[889, 0.0059969425201416016]
[890, 0.006026268005371094]
[891, 0.006068706512451172]
[892, 0.0060422420501708984]
[893, 0.006055355072021484]
[894, 0.006076335906982422]
[895, 0.00618290901184082]
[896, 0.006064891815185547]
[897, 0.006077289581298828]
[898, 0.006221771240234375]
[899, 0.006105661392211914]
[900, 0.006227016448974609]
[901, 0.00615692138671875]
[902, 0.006192445755004883]
[903, 0.006225109100341797]
[904, 0.0061647891998291016]
[905, 0.0061681270599365234]
[906, 0.006223440170288086]
[907, 0.0061664581298828125]
[908, 0.006217479705810547]
[909, 0.006207466125488281]
[910, 0.006361722946166992]
[911, 0.0062596797943115234]
[912, 0.006247758865356445]
[913, 0.006253480911254883]
[914, 0.006278276443481445]
[915, 0.006244182586669922]
[916, 0.006253957748413086]
[917, 0.006279468536376953]
[918, 0.006424427032470703]
[919, 0.006327629089355469]
[920, 0.00626683235168457]
[921, 0.006276845932006836]
[922, 0.006430149078369141]
[923, 0.006316661834716797]
[924, 0.006383419036865234]
[925, 0.006325960159301758]
[926, 0.006352424621582031]
[927, 0.006330013275146484]
[928, 0.006339550018310547]
[929, 0.006342411041259766]
[930, 0.006581783294677734]
[931, 0.006464242935180664]
[932, 0.006597042083740234]
[933, 0.00640559196472168]
[934, 0.00641942024230957]
[935, 0.006596803665161133]
[936, 0.006500959396362305]
[937, 0.006536245346069336]
[938, 0.006504058837890625]
[939, 0.006472587585449219]
[940, 0.006891727447509766]
[941, 0.006537675857543945]
[942, 0.0067293643951416016]
[943, 0.006463766098022461]
[944, 0.006491899490356445]
[945, 0.006594657897949219]
[946, 0.006475687026977539]
[947, 0.006953716278076172]
[948, 0.006513357162475586]
[949, 0.006499528884887695]
[950, 0.0067501068115234375]
[951, 0.006561756134033203]
[952, 0.00653386116027832]
[953, 0.00791311264038086]
[954, 0.006538867950439453]
[955, 0.006620168685913086]
[956, 0.00722503662109375]
[957, 0.006860971450805664]
[958, 0.006805896759033203]
[959, 0.006865978240966797]
[960, 0.00663447380065918]
[961, 0.0066492557525634766]
[962, 0.00666046142578125]
[963, 0.006654024124145508]
[964, 0.006681919097900391]
[965, 0.006821155548095703]
[966, 0.006788969039916992]
[967, 0.0067005157470703125]
[968, 0.0066852569580078125]
[969, 0.006727457046508789]
[970, 0.006742238998413086]
[971, 0.006992816925048828]
[972, 0.006902456283569336]
[973, 0.006791591644287109]
[974, 0.006789207458496094]
[975, 0.00681757926940918]
[976, 0.0067980289459228516]
[977, 0.006933450698852539]
[978, 0.006799936294555664]
[979, 0.006923675537109375]
[980, 0.0068683624267578125]
[981, 0.006793022155761719]
[982, 0.006815910339355469]
[983, 0.006943941116333008]
[984, 0.007049560546875]
[985, 0.006908416748046875]
[986, 0.0069408416748046875]
[987, 0.00709843635559082]
[988, 0.006864786148071289]
[989, 0.007007122039794922]
[990, 0.0068950653076171875]
[991, 0.006913185119628906]
[992, 0.0069255828857421875]
[993, 0.006896018981933594]
[994, 0.007030963897705078]
[995, 0.007148027420043945]
[996, 0.007300138473510742]
[997, 0.0071756839752197266]
[998, 0.006995677947998047]
[999, 0.007082223892211914]
[1000, 0.00701451301574707]
[1001, 0.007112741470336914]
[1002, 0.0071713924407958984]
[1003, 0.007195711135864258]
[1004, 0.007030963897705078]
[1005, 0.007169485092163086]
[1006, 0.007218599319458008]
[1007, 0.007197380065917969]
[1008, 0.007426023483276367]
[1009, 0.007298946380615234]
[1010, 0.0074350833892822266]
[1011, 0.007065296173095703]
[1012, 0.00734257698059082]
[1013, 0.007170438766479492]
[1014, 0.007102251052856445]
[1015, 0.007239341735839844]
[1016, 0.007164716720581055]
[1017, 0.007354736328125]
[1018, 0.0074005126953125]
[1019, 0.007158517837524414]
[1020, 0.007130146026611328]
[1021, 0.0074307918548583984]
[1022, 0.007161855697631836]
[1023, 0.007219076156616211]
[1024, 0.007386207580566406]
[1025, 0.0071980953216552734]
[1026, 0.007277011871337891]
[1027, 0.007209062576293945]
[1028, 0.007219076156616211]
[1029, 0.007243633270263672]
[1030, 0.007409572601318359]
[1031, 0.007289886474609375]
[1032, 0.007451057434082031]
[1033, 0.00727081298828125]
[1034, 0.007308244705200195]
[1035, 0.007584333419799805]
[1036, 0.007518291473388672]
[1037, 0.007332563400268555]
[1038, 0.0074155330657958984]
[1039, 0.007334232330322266]
[1040, 0.007487058639526367]
[1041, 0.007626533508300781]
[1042, 0.0075397491455078125]
[1043, 0.007399320602416992]
[1044, 0.007354259490966797]
[1045, 0.007393836975097656]
[1046, 0.007591962814331055]
[1047, 0.007543325424194336]
[1048, 0.007729768753051758]
[1049, 0.007455110549926758]
[1050, 0.0074503421783447266]
[1051, 0.007482767105102539]
[1052, 0.0074689388275146484]
[1053, 0.007513999938964844]
[1054, 0.007773160934448242]
[1055, 0.007501363754272461]
[1056, 0.007505893707275391]
[1057, 0.007559299468994141]
[1058, 0.007539033889770508]
[1059, 0.007816791534423828]
[1060, 0.007651805877685547]
[1061, 0.0075342655181884766]
[1062, 0.007562398910522461]
[1063, 0.007941007614135742]
[1064, 0.007624387741088867]
[1065, 0.007543325424194336]
[1066, 0.008001089096069336]
[1067, 0.007600545883178711]
[1068, 0.0076067447662353516]
[1069, 0.007838249206542969]
[1070, 0.007678508758544922]
[1071, 0.007700920104980469]
[1072, 0.008134126663208008]
[1073, 0.007607936859130859]
[1074, 0.007936954498291016]
[1075, 0.007732868194580078]
[1076, 0.007791757583618164]
[1077, 0.00789642333984375]
[1078, 0.008006572723388672]
[1079, 0.007724285125732422]
[1080, 0.0077517032623291016]
[1081, 0.007745265960693359]
[1082, 0.007760047912597656]
[1083, 0.008247137069702148]
[1084, 0.0078122615814208984]
[1085, 0.008066177368164062]
[1086, 0.007854223251342773]
[1087, 0.008092641830444336]
[1088, 0.007972240447998047]
[1089, 0.007807731628417969]
[1090, 0.007827997207641602]
[1091, 0.007828474044799805]
[1092, 0.008019447326660156]
[1093, 0.008080005645751953]
[1094, 0.00784158706665039]
[1095, 0.007822990417480469]
[1096, 0.008272886276245117]
[1097, 0.008124828338623047]
[1098, 0.007908105850219727]
[1099, 0.007885456085205078]
[1100, 0.007886886596679688]
[1101, 0.008234739303588867]
[1102, 0.008029937744140625]
[1103, 0.007921457290649414]
[1104, 0.008124589920043945]
[1105, 0.007954120635986328]
[1106, 0.008040189743041992]
[1107, 0.008083105087280273]
[1108, 0.00815439224243164]
[1109, 0.007999420166015625]
[1110, 0.008143901824951172]
[1111, 0.008219242095947266]
[1112, 0.008080720901489258]
[1113, 0.00816965103149414]
[1114, 0.008058786392211914]
[1115, 0.008244991302490234]
[1116, 0.008336782455444336]
[1117, 0.008233308792114258]
[1118, 0.008127212524414062]
[1119, 0.008309125900268555]
[1120, 0.008442163467407227]
[1121, 0.008607149124145508]
[1122, 0.00815129280090332]
[1123, 0.008332490921020508]
[1124, 0.008214235305786133]
[1125, 0.008167743682861328]
[1126, 0.008344888687133789]
[1127, 0.008243083953857422]
[1128, 0.008191347122192383]
[1129, 0.008328437805175781]
[1130, 0.008530616760253906]
[1131, 0.00845789909362793]
[1132, 0.008291006088256836]
[1133, 0.008367538452148438]
[1134, 0.00824427604675293]
[1135, 0.008289337158203125]
[1136, 0.008513689041137695]
[1137, 0.008378267288208008]
[1138, 0.008289098739624023]
[1139, 0.00844883918762207]
[1140, 0.008592844009399414]
[1141, 0.008318662643432617]
[1142, 0.008371591567993164]
[1143, 0.008563756942749023]
[1144, 0.008692026138305664]
[1145, 0.008538484573364258]
[1146, 0.008360147476196289]
[1147, 0.008625268936157227]
[1148, 0.008400678634643555]
[1149, 0.008593082427978516]
[1150, 0.008669376373291016]
[1151, 0.008470296859741211]
[1152, 0.008371353149414062]
[1153, 0.008444547653198242]
[1154, 0.008961677551269531]
[1155, 0.008973836898803711]
[1156, 0.008483648300170898]
[1157, 0.008519172668457031]
[1158, 0.008617639541625977]
[1159, 0.00881814956665039]
[1160, 0.00912332534790039]
[1161, 0.008844375610351562]
[1162, 0.008573770523071289]
[1163, 0.008602142333984375]
[1164, 0.008627891540527344]
[1165, 0.009054899215698242]
[1166, 0.008685588836669922]
[1167, 0.008619070053100586]
[1168, 0.008596181869506836]
[1169, 0.008648872375488281]
[1170, 0.009138107299804688]
[1171, 0.008939027786254883]
[1172, 0.008691072463989258]
[1173, 0.008662223815917969]
[1174, 0.008816003799438477]
[1175, 0.009213924407958984]
[1176, 0.008794069290161133]
[1177, 0.008716583251953125]
[1178, 0.008716583251953125]
[1179, 0.008810758590698242]
[1180, 0.009236335754394531]
[1181, 0.008747577667236328]
[1182, 0.008767843246459961]
[1183, 0.008868694305419922]
[1184, 0.008821725845336914]
[1185, 0.009419441223144531]
[1186, 0.00880742073059082]
[1187, 0.008774518966674805]
[1188, 0.008898258209228516]
[1189, 0.008901357650756836]
[1190, 0.00973367691040039]
[1191, 0.008914947509765625]
[1192, 0.008987903594970703]
[1193, 0.008857250213623047]
[1194, 0.008853673934936523]
[1195, 0.009586572647094727]
[1196, 0.009027957916259766]
[1197, 0.009150981903076172]
[1198, 0.00914907455444336]
[1199, 0.009021759033203125]
[1200, 0.011984586715698242]
[1201, 0.009295463562011719]
[1202, 0.009004354476928711]
[1203, 0.00929880142211914]
[1204, 0.008982419967651367]
[1205, 0.00952458381652832]
[1206, 0.009119033813476562]
[1207, 0.009057283401489258]
[1208, 0.008981704711914062]
[1209, 0.00933218002319336]
[1210, 0.009539365768432617]
[1211, 0.009060144424438477]
[1212, 0.009060144424438477]
[1213, 0.009038209915161133]
[1214, 0.009107828140258789]
[1215, 0.009631156921386719]
[1216, 0.009094715118408203]
[1217, 0.009268522262573242]
[1218, 0.009345293045043945]
[1219, 0.009217262268066406]
[1220, 0.009450197219848633]
[1221, 0.00911259651184082]
[1222, 0.009125232696533203]
[1223, 0.009490013122558594]
[1224, 0.009176492691040039]
[1225, 0.009681463241577148]
[1226, 0.009231328964233398]
[1227, 0.009517669677734375]
[1228, 0.009184122085571289]
[1229, 0.009270906448364258]
[1230, 0.009920835494995117]
[1231, 0.009589672088623047]
[1232, 0.009310245513916016]
[1233, 0.009250879287719727]
[1234, 0.009284257888793945]
[1235, 0.009877681732177734]
[1236, 0.009865283966064453]
[1237, 0.009477376937866211]
[1238, 0.009603500366210938]
[1239, 0.009313344955444336]
[1240, 0.00947260856628418]
[1241, 0.00972437858581543]
[1242, 0.00939321517944336]
[1243, 0.009357690811157227]
[1244, 0.009330511093139648]
[1245, 0.010027408599853516]
[1246, 0.009611129760742188]
[1247, 0.009334325790405273]
[1248, 0.009392499923706055]
[1249, 0.009671449661254883]
[1250, 0.00940251350402832]
[1251, 0.009855508804321289]
[1252, 0.00938868522644043]
[1253, 0.009551048278808594]
[1254, 0.009413957595825195]
[1255, 0.009475946426391602]
[1256, 0.009482383728027344]
[1257, 0.009421348571777344]
[1258, 0.010425329208374023]
[1259, 0.009485960006713867]
[1260, 0.009603261947631836]
[1261, 0.009882688522338867]
[1262, 0.009732246398925781]
[1263, 0.009679555892944336]
[1264, 0.009669780731201172]
[1265, 0.00957798957824707]
[1266, 0.009625434875488281]
[1267, 0.009580850601196289]
[1268, 0.009758472442626953]
[1269, 0.009658098220825195]
[1270, 0.009591341018676758]
[1271, 0.010046720504760742]
[1272, 0.009556055068969727]
[1273, 0.009983301162719727]
[1274, 0.009970426559448242]
[1275, 0.009876489639282227]
[1276, 0.009665250778198242]
[1277, 0.009649991989135742]
[1278, 0.010367393493652344]
[1279, 0.009768009185791016]
[1280, 0.009677410125732422]
[1281, 0.009757041931152344]
[1282, 0.009710550308227539]
[1283, 0.010133504867553711]
[1284, 0.009725570678710938]
[1285, 0.009743690490722656]
[1286, 0.009730815887451172]
[1287, 0.009735107421875]
[1288, 0.010141372680664062]
[1289, 0.009809494018554688]
[1290, 0.009839773178100586]
[1291, 0.010049104690551758]
[1292, 0.009853601455688477]
[1293, 0.010096311569213867]
[1294, 0.009797096252441406]
[1295, 0.010091781616210938]
[1296, 0.009843826293945312]
[1297, 0.009834051132202148]
[1298, 0.010510444641113281]
[1299, 0.009916067123413086]
[1300, 0.009869575500488281]
[1301, 0.0099029541015625]
[1302, 0.010153532028198242]
[1303, 0.009949207305908203]
[1304, 0.010254621505737305]
[1305, 0.010152101516723633]
[1306, 0.010003328323364258]
[1307, 0.010028839111328125]
[1308, 0.010235071182250977]
[1309, 0.010453462600708008]
[1310, 0.010121583938598633]
[1311, 0.01008915901184082]
[1312, 0.010363578796386719]
[1313, 0.010378122329711914]
[1314, 0.010222673416137695]
[1315, 0.010052919387817383]
[1316, 0.012326478958129883]
[1317, 0.010177135467529297]
[1318, 0.010557889938354492]
[1319, 0.010079622268676758]
[1320, 0.010415792465209961]
[1321, 0.010201692581176758]
[1322, 0.010166645050048828]
[1323, 0.0103302001953125]
[1324, 0.01203298568725586]
[1325, 0.010286569595336914]
[1326, 0.010235309600830078]
[1327, 0.010411262512207031]
[1328, 0.011488914489746094]
[1329, 0.010244131088256836]
[1330, 0.010232925415039062]
[1331, 0.010192394256591797]
[1332, 0.011421918869018555]
[1333, 0.010339975357055664]
[1334, 0.010350942611694336]
[1335, 0.010346412658691406]
[1336, 0.011448860168457031]
[1337, 0.010273456573486328]
[1338, 0.010341167449951172]
[1339, 0.010410070419311523]
[1340, 0.011250972747802734]
[1341, 0.010917901992797852]
[1342, 0.010575294494628906]
[1343, 0.010335922241210938]
[1344, 0.011147022247314453]
[1345, 0.010586023330688477]
[1346, 0.010401487350463867]
[1347, 0.01070404052734375]
[1348, 0.011786699295043945]
[1349, 0.010947942733764648]
[1350, 0.010816335678100586]
[1351, 0.012925863265991211]
[1352, 0.011107444763183594]
[1353, 0.010417938232421875]
[1354, 0.010492086410522461]
[1355, 0.012247085571289062]
[1356, 0.010677099227905273]
[1357, 0.011026620864868164]
[1358, 0.010677099227905273]
[1359, 0.012309551239013672]
[1360, 0.010802984237670898]
[1361, 0.01061248779296875]
[1362, 0.0105743408203125]
[1363, 0.011997222900390625]
[1364, 0.010551691055297852]
[1365, 0.010522842407226562]
[1366, 0.01059722900390625]
[1367, 0.010805606842041016]
[1368, 0.010657548904418945]
[1369, 0.010874271392822266]
[1370, 0.010632991790771484]
[1371, 0.010761260986328125]
[1372, 0.010713338851928711]
[1373, 0.010702133178710938]
[1374, 0.010766744613647461]
[1375, 0.010989665985107422]
[1376, 0.010792970657348633]
[1377, 0.010703086853027344]
[1378, 0.010756254196166992]
[1379, 0.011187076568603516]
[1380, 0.010694026947021484]
[1381, 0.010889530181884766]
[1382, 0.01125645637512207]
[1383, 0.01082301139831543]
[1384, 0.010765314102172852]
[1385, 0.010860681533813477]
[1386, 0.010801553726196289]
[1387, 0.011140584945678711]
[1388, 0.010979890823364258]
[1389, 0.011020183563232422]
[1390, 0.01086115837097168]
[1391, 0.011040925979614258]
[1392, 0.010809898376464844]
[1393, 0.010773897171020508]
[1394, 0.01101994514465332]
[1395, 0.010916948318481445]
[1396, 0.011353254318237305]
[1397, 0.011042594909667969]
[1398, 0.010819196701049805]
[1399, 0.01103663444519043]
[1400, 0.01095128059387207]
[1401, 0.01091313362121582]
[1402, 0.011186599731445312]
[1403, 0.010980844497680664]
[1404, 0.011066675186157227]
[1405, 0.011217594146728516]
[1406, 0.011126041412353516]
[1407, 0.011087179183959961]
[1408, 0.011081457138061523]
[1409, 0.011007070541381836]
[1410, 0.011042118072509766]
[1411, 0.011208057403564453]
[1412, 0.011064291000366211]
[1413, 0.011007547378540039]
[1414, 0.011036872863769531]
[1415, 0.011349678039550781]
[1416, 0.01102590560913086]
[1417, 0.011096477508544922]
[1418, 0.011512041091918945]
[1419, 0.011198759078979492]
[1420, 0.011152029037475586]
[1421, 0.011109113693237305]
[1422, 0.011114120483398438]
[1423, 0.011177539825439453]
[1424, 0.011217355728149414]
[1425, 0.01135110855102539]
[1426, 0.011175870895385742]
[1427, 0.011634111404418945]
[1428, 0.011305809020996094]
[1429, 0.011212587356567383]
[1430, 0.01138162612915039]
[1431, 0.011372089385986328]
[1432, 0.01141357421875]
[1433, 0.011469602584838867]
[1434, 0.011440038681030273]
[1435, 0.01149892807006836]
[1436, 0.011835575103759766]
[1437, 0.011394739151000977]
[1438, 0.011326313018798828]
[1439, 0.011436223983764648]
[1440, 0.01183629035949707]
[1441, 0.01137995719909668]
[1442, 0.011698246002197266]
[1443, 0.011413812637329102]
[1444, 0.011442184448242188]
[1445, 0.012004852294921875]
[1446, 0.011527061462402344]
[1447, 0.011590242385864258]
[1448, 0.011874914169311523]
[1449, 0.011489152908325195]
[1450, 0.011586189270019531]
[1451, 0.011455774307250977]
[1452, 0.011558771133422852]
[1453, 0.011616945266723633]
[1454, 0.011632442474365234]
[1455, 0.011540651321411133]
[1456, 0.012085676193237305]
[1457, 0.0117340087890625]
[1458, 0.01166987419128418]
[1459, 0.011715173721313477]
[1460, 0.011555194854736328]
[1461, 0.012008905410766602]
[1462, 0.011848211288452148]
[1463, 0.011857748031616211]
[1464, 0.011675596237182617]
[1465, 0.011652708053588867]
[1466, 0.012029170989990234]
[1467, 0.01172780990600586]
[1468, 0.011873722076416016]
[1469, 0.011796236038208008]
[1470, 0.01184535026550293]
[1471, 0.011748075485229492]
[1472, 0.011713266372680664]
[1473, 0.011737346649169922]
[1474, 0.011794805526733398]
[1475, 0.011815071105957031]
[1476, 0.01205134391784668]
[1477, 0.012077569961547852]
[1478, 0.011934041976928711]
[1479, 0.011830329895019531]
[1480, 0.011940956115722656]
[1481, 0.011837482452392578]
[1482, 0.012007474899291992]
[1483, 0.011877059936523438]
[1484, 0.012069463729858398]
[1485, 0.01184844970703125]
[1486, 0.012048721313476562]
[1487, 0.01186370849609375]
[1488, 0.011971473693847656]
[1489, 0.011890411376953125]
[1490, 0.012090444564819336]
[1491, 0.011916160583496094]
[1492, 0.011959075927734375]
[1493, 0.011915922164916992]
[1494, 0.012086868286132812]
[1495, 0.011951208114624023]
[1496, 0.011965513229370117]
[1497, 0.012314796447753906]
[1498, 0.01231694221496582]
[1499, 0.012050151824951172]
[1500, 0.01198577880859375]
[1501, 0.012079238891601562]
[1502, 0.012096881866455078]
[1503, 0.012055397033691406]
[1504, 0.012071371078491211]
[1505, 0.012083292007446289]
[1506, 0.01222848892211914]
[1507, 0.012309789657592773]
[1508, 0.012093782424926758]
[1509, 0.012195825576782227]
[1510, 0.012269735336303711]
[1511, 0.012139320373535156]
[1512, 0.012113809585571289]
[1513, 0.012256622314453125]
[1514, 0.012356281280517578]
[1515, 0.012184381484985352]
[1516, 0.01225590705871582]
[1517, 0.012499094009399414]
[1518, 0.01231694221496582]
[1519, 0.012327909469604492]
[1520, 0.01221013069152832]
[1521, 0.012739181518554688]
[1522, 0.01246023178100586]
[1523, 0.012433052062988281]
[1524, 0.012245655059814453]
[1525, 0.01235055923461914]
[1526, 0.012272357940673828]
[1527, 0.01224207878112793]
[1528, 0.012334108352661133]
[1529, 0.012471437454223633]
[1530, 0.01230168342590332]
[1531, 0.012391090393066406]
[1532, 0.012356996536254883]
[1533, 0.012546777725219727]
[1534, 0.012432098388671875]
[1535, 0.012396812438964844]
[1536, 0.012362241744995117]
[1537, 0.012496471405029297]
[1538, 0.012412309646606445]
[1539, 0.012715339660644531]
[1540, 0.012421131134033203]
[1541, 0.01251983642578125]
[1542, 0.012435674667358398]
[1543, 0.012465953826904297]
[1544, 0.012504339218139648]
[1545, 0.012616872787475586]
[1546, 0.012468099594116211]
[1547, 0.012694120407104492]
[1548, 0.01257777214050293]
[1549, 0.012577533721923828]
[1550, 0.012704610824584961]
[1551, 0.012588739395141602]
[1552, 0.01262044906616211]
[1553, 0.012712717056274414]
[1554, 0.012587785720825195]
[1555, 0.01275014877319336]
[1556, 0.012666463851928711]
[1557, 0.013060331344604492]
[1558, 0.012712240219116211]
[1559, 0.012675285339355469]
[1560, 0.012609004974365234]
[1561, 0.012769460678100586]
[1562, 0.012684345245361328]
[1563, 0.01323556900024414]
[1564, 0.012677669525146484]
[1565, 0.013069391250610352]
[1566, 0.012702703475952148]
[1567, 0.012721061706542969]
[1568, 0.01312565803527832]
[1569, 0.012725353240966797]
[1570, 0.012817621231079102]
[1571, 0.012835025787353516]
[1572, 0.012922048568725586]
[1573, 0.012938499450683594]
[1574, 0.013125419616699219]
[1575, 0.01296091079711914]
[1576, 0.012897968292236328]
[1577, 0.012887001037597656]
[1578, 0.013092756271362305]
[1579, 0.012865304946899414]
[1580, 0.013084650039672852]
[1581, 0.012931108474731445]
[1582, 0.012952327728271484]
[1583, 0.01331329345703125]
[1584, 0.012992382049560547]
[1585, 0.012960672378540039]
[1586, 0.013404369354248047]
[1587, 0.013252973556518555]
[1588, 0.013091087341308594]
[1589, 0.013025999069213867]
[1590, 0.013019800186157227]
[1591, 0.013645172119140625]
[1592, 0.01319432258605957]
[1593, 0.013129949569702148]
[1594, 0.013163566589355469]
[1595, 0.013097047805786133]
[1596, 0.013289690017700195]
[1597, 0.013232946395874023]
[1598, 0.013060808181762695]
[1599, 0.0132293701171875]
[1600, 0.013275623321533203]
[1601, 0.013146162033081055]
[1602, 0.013535022735595703]
[1603, 0.013165473937988281]
[1604, 0.01322174072265625]
[1605, 0.01312708854675293]
[1606, 0.013573646545410156]
[1607, 0.013741254806518555]
[1608, 0.013172626495361328]
[1609, 0.01329660415649414]
[1610, 0.013551950454711914]
[1611, 0.013340950012207031]
[1612, 0.013573408126831055]
[1613, 0.013254642486572266]
[1614, 0.013338327407836914]
[1615, 0.01379704475402832]
[1616, 0.013362407684326172]
[1617, 0.013917207717895508]
[1618, 0.013529777526855469]
[1619, 0.013501882553100586]
[1620, 0.013660907745361328]
[1621, 0.013468265533447266]
[1622, 0.013434886932373047]
[1623, 0.013452768325805664]
[1624, 0.013784408569335938]
[1625, 0.013644218444824219]
[1626, 0.014028072357177734]
[1627, 0.013808727264404297]
[1628, 0.014109611511230469]
[1629, 0.013396501541137695]
[1630, 0.013504981994628906]
[1631, 0.013978719711303711]
[1632, 0.013470172882080078]
[1633, 0.013537883758544922]
[1634, 0.013666868209838867]
[1635, 0.013577699661254883]
[1636, 0.013641834259033203]
[1637, 0.013540267944335938]
[1638, 0.013538837432861328]
[1639, 0.013620376586914062]
[1640, 0.013982057571411133]
[1641, 0.013935089111328125]
[1642, 0.014058113098144531]
[1643, 0.0188291072845459]
[1644, 0.016405105590820312]
[1645, 0.01400613784790039]
[1646, 0.013824462890625]
[1647, 0.014140605926513672]
[1648, 0.013672351837158203]
[1649, 0.013765096664428711]
[1650, 0.013663768768310547]
[1651, 0.013693809509277344]
[1652, 0.01373744010925293]
[1653, 0.01397705078125]
[1654, 0.013827085494995117]
[1655, 0.013781547546386719]
[1656, 0.013828516006469727]
[1657, 0.013933658599853516]
[1658, 0.013820409774780273]
[1659, 0.013762950897216797]
[1660, 0.013819456100463867]
[1661, 0.014062643051147461]
[1662, 0.014054298400878906]
[1663, 0.014252662658691406]
[1664, 0.013898134231567383]
[1665, 0.013861417770385742]
[1666, 0.013931512832641602]
[1667, 0.014220476150512695]
[1668, 0.014056921005249023]
[1669, 0.015212059020996094]
[1670, 0.013889312744140625]
[1671, 0.013936281204223633]
[1672, 0.01527857780456543]
[1673, 0.014609336853027344]
[1674, 0.01396632194519043]
[1675, 0.015661001205444336]
[1676, 0.014090776443481445]
[1677, 0.014665365219116211]
[1678, 0.015620708465576172]
[1679, 0.01403045654296875]
[1680, 0.01411128044128418]
[1681, 0.015218973159790039]
[1682, 0.014046430587768555]
[1683, 0.01448822021484375]
[1684, 0.015820741653442383]
[1685, 0.014126062393188477]
[1686, 0.014124870300292969]
[1687, 0.015561103820800781]
[1688, 0.014030694961547852]
[1689, 0.014075756072998047]
[1690, 0.01422262191772461]
[1691, 0.014174222946166992]
[1692, 0.014472007751464844]
[1693, 0.014517068862915039]
[1694, 0.014378070831298828]
[1695, 0.01435708999633789]
[1696, 0.015918493270874023]
[1697, 0.014335155487060547]
[1698, 0.014538288116455078]
[1699, 0.015788793563842773]
[1700, 0.014307737350463867]
[1701, 0.014972925186157227]
[1702, 0.016358613967895508]
[1703, 0.014948844909667969]
[1704, 0.014327526092529297]
[1705, 0.016538381576538086]
[1706, 0.01435399055480957]
[1707, 0.01458883285522461]
[1708, 0.01599431037902832]
[1709, 0.014479398727416992]
[1710, 0.014438867568969727]
[1711, 0.01459193229675293]
[1712, 0.014498710632324219]
[1713, 0.01492166519165039]
[1714, 0.014692068099975586]
[1715, 0.014407634735107422]
[1716, 0.01520991325378418]
[1717, 0.014887809753417969]
[1718, 0.014483451843261719]
[1719, 0.014942646026611328]
[1720, 0.014500617980957031]
[1721, 0.014509201049804688]
[1722, 0.014908552169799805]
[1723, 0.014469623565673828]
[1724, 0.014604806900024414]
[1725, 0.01498866081237793]
[1726, 0.014595508575439453]
[1727, 0.014774560928344727]
[1728, 0.015102863311767578]
[1729, 0.014602422714233398]
[1730, 0.014560461044311523]
[1731, 0.015224218368530273]
[1732, 0.014624834060668945]
[1733, 0.014896869659423828]
[1734, 0.015130996704101562]
[1735, 0.015105962753295898]
[1736, 0.014775514602661133]
[1737, 0.015270709991455078]
[1738, 0.015146970748901367]
[1739, 0.014646291732788086]
[1740, 0.015645980834960938]
[1741, 0.015016794204711914]
[1742, 0.014920949935913086]
[1743, 0.015244483947753906]
[1744, 0.01477956771850586]
[1745, 0.015129804611206055]
[1746, 0.015581369400024414]
[1747, 0.015227794647216797]
[1748, 0.014862060546875]
[1749, 0.015640974044799805]
[1750, 0.014833211898803711]
[1751, 0.014893770217895508]
[1752, 0.015275239944458008]
[1753, 0.015024900436401367]
[1754, 0.014845609664916992]
[1755, 0.015127897262573242]
[1756, 0.015031576156616211]
[1757, 0.014913558959960938]
[1758, 0.015401840209960938]
[1759, 0.015175104141235352]
[1760, 0.015205144882202148]
[1761, 0.015660762786865234]
[1762, 0.015031576156616211]
[1763, 0.01531362533569336]
[1764, 0.015669584274291992]
[1765, 0.015137910842895508]
[1766, 0.015045642852783203]
[1767, 0.015682697296142578]
[1768, 0.015265226364135742]
[1769, 0.015191316604614258]
[1770, 0.015398263931274414]
[1771, 0.015110492706298828]
[1772, 0.015093803405761719]
[1773, 0.015505790710449219]
[1774, 0.015265226364135742]
[1775, 0.015520095825195312]
[1776, 0.015670299530029297]
[1777, 0.015965938568115234]
[1778, 0.015310049057006836]
[1779, 0.015787601470947266]
[1780, 0.015233755111694336]
[1781, 0.015210390090942383]
[1782, 0.015615224838256836]
[1783, 0.015613079071044922]
[1784, 0.015248775482177734]
[1785, 0.015774011611938477]
[1786, 0.015367746353149414]
[1787, 0.015914440155029297]
[1788, 0.015926361083984375]
[1789, 0.015368461608886719]
[1790, 0.015346050262451172]
[1791, 0.015767335891723633]
[1792, 0.015472173690795898]
[1793, 0.01569843292236328]
[1794, 0.015325307846069336]
[1795, 0.015630483627319336]
[1796, 0.015787839889526367]
[1797, 0.015392780303955078]
[1798, 0.015498876571655273]
[1799, 0.015730857849121094]
[1800, 0.01568460464477539]
[1801, 0.01552724838256836]
[1802, 0.01596212387084961]
[1803, 0.015583515167236328]
[1804, 0.015551328659057617]
[1805, 0.016038894653320312]
[1806, 0.015558242797851562]
[1807, 0.01568603515625]
[1808, 0.015912771224975586]
[1809, 0.015620231628417969]
[1810, 0.015574932098388672]
[1811, 0.016047000885009766]
[1812, 0.015609264373779297]
[1813, 0.015678882598876953]
[1814, 0.016028404235839844]
[1815, 0.01560354232788086]
[1816, 0.015556812286376953]
[1817, 0.016088485717773438]
[1818, 0.015923023223876953]
[1819, 0.016234397888183594]
[1820, 0.015949010848999023]
[1821, 0.0155792236328125]
[1822, 0.015721559524536133]
[1823, 0.015795230865478516]
[1824, 0.015774965286254883]
[1825, 0.01569199562072754]
[1826, 0.015910625457763672]
[1827, 0.016278505325317383]
[1828, 0.015798330307006836]
[1829, 0.016373157501220703]
[1830, 0.015737295150756836]
[1831, 0.015779972076416016]
[1832, 0.015908479690551758]
[1833, 0.015898704528808594]
[1834, 0.015743494033813477]
[1835, 0.01609659194946289]
[1836, 0.015825986862182617]
[1837, 0.0158383846282959]
[1838, 0.015982866287231445]
[1839, 0.01586294174194336]
[1840, 0.01586294174194336]
[1841, 0.01599860191345215]
[1842, 0.01589512825012207]
[1843, 0.01597905158996582]
[1844, 0.01603221893310547]
[1845, 0.016009807586669922]
[1846, 0.016408920288085938]
[1847, 0.01595783233642578]
[1848, 0.01602935791015625]
[1849, 0.01627802848815918]
[1850, 0.01592707633972168]
[1851, 0.016015291213989258]
[1852, 0.016211748123168945]
[1853, 0.016124486923217773]
[1854, 0.016433238983154297]
[1855, 0.016463756561279297]
[1856, 0.016048431396484375]
[1857, 0.015980005264282227]
[1858, 0.016286611557006836]
[1859, 0.01613450050354004]
[1860, 0.01624274253845215]
[1861, 0.0162813663482666]
[1862, 0.016100406646728516]
[1863, 0.01610875129699707]
[1864, 0.016447782516479492]
[1865, 0.01661849021911621]
[1866, 0.01622176170349121]
[1867, 0.016385793685913086]
[1868, 0.016190767288208008]
[1869, 0.01625847816467285]
[1870, 0.01636362075805664]
[1871, 0.016326189041137695]
[1872, 0.016193151473999023]
[1873, 0.016555309295654297]
[1874, 0.01641845703125]
[1875, 0.016350269317626953]
[1876, 0.016438007354736328]
[1877, 0.016439437866210938]
[1878, 0.016772985458374023]
[1879, 0.01677870750427246]
[1880, 0.01636195182800293]
[1881, 0.01690387725830078]
[1882, 0.016462326049804688]
[1883, 0.016391754150390625]
[1884, 0.016633272171020508]
[1885, 0.01677536964416504]
[1886, 0.01725172996520996]
[1887, 0.01710224151611328]
[1888, 0.016524553298950195]
[1889, 0.0164794921875]
[1890, 0.016956806182861328]
[1891, 0.016731739044189453]
[1892, 0.01657557487487793]
[1893, 0.016698360443115234]
[1894, 0.017128944396972656]
[1895, 0.016736745834350586]
[1896, 0.01698589324951172]
[1897, 0.016696691513061523]
[1898, 0.01730203628540039]
[1899, 0.016571760177612305]
[1900, 0.016736745834350586]
[1901, 0.01698470115661621]
[1902, 0.016664505004882812]
[1903, 0.016736268997192383]
[1904, 0.016735553741455078]
[1905, 0.016919374465942383]
[1906, 0.016996145248413086]
[1907, 0.0167694091796875]
[1908, 0.01688075065612793]
[1909, 0.016855716705322266]
[1910, 0.016719341278076172]
[1911, 0.017132997512817383]
[1912, 0.016919851303100586]
[1913, 0.016797542572021484]
[1914, 0.01674056053161621]
[1915, 0.017166614532470703]
[1916, 0.01681828498840332]
[1917, 0.016814708709716797]
[1918, 0.017227888107299805]
[1919, 0.01685357093811035]
[1920, 0.017006635665893555]
[1921, 0.016992568969726562]
[1922, 0.01684713363647461]
[1923, 0.016891002655029297]
[1924, 0.01715850830078125]
[1925, 0.01725602149963379]
[1926, 0.017547130584716797]
[1927, 0.017067670822143555]
[1928, 0.01697516441345215]
[1929, 0.017244338989257812]
[1930, 0.017010927200317383]
[1931, 0.017049551010131836]
[1932, 0.017048358917236328]
[1933, 0.017058849334716797]
[1934, 0.017732620239257812]
[1935, 0.01713705062866211]
[1936, 0.017174482345581055]
[1937, 0.017052173614501953]
[1938, 0.01721048355102539]
[1939, 0.01711273193359375]
[1940, 0.017126798629760742]
[1941, 0.0172121524810791]
[1942, 0.017215251922607422]
[1943, 0.01719045639038086]
[1944, 0.01722884178161621]
[1945, 0.017315149307250977]
[1946, 0.017276287078857422]
[1947, 0.017380237579345703]
[1948, 0.017168521881103516]
[1949, 0.017241954803466797]
[1950, 0.01738452911376953]
[1951, 0.017505884170532227]
[1952, 0.01750779151916504]
[1953, 0.017110347747802734]
[1954, 0.017292261123657227]
[1955, 0.017258644104003906]
[1956, 0.017469167709350586]
[1957, 0.01725459098815918]
[1958, 0.017327308654785156]
[1959, 0.01740407943725586]
[1960, 0.01729297637939453]
[1961, 0.01731586456298828]
[1962, 0.01755833625793457]
[1963, 0.01749134063720703]
[1964, 0.018015623092651367]
[1965, 0.01759171485900879]
[1966, 0.017316341400146484]
[1967, 0.017490386962890625]
[1968, 0.017548322677612305]
[1969, 0.017706632614135742]
[1970, 0.01774311065673828]
[1971, 0.01752305030822754]
[1972, 0.017616987228393555]
[1973, 0.0176084041595459]
[1974, 0.017699480056762695]
[1975, 0.017576932907104492]
[1976, 0.01747870445251465]
[1977, 0.01810312271118164]
[1978, 0.017577171325683594]
[1979, 0.017770767211914062]
[1980, 0.018331050872802734]
[1981, 0.017597198486328125]
[1982, 0.017702579498291016]
[1983, 0.017591476440429688]
[1984, 0.017707109451293945]
[1985, 0.017934560775756836]
[1986, 0.017639636993408203]
[1987, 0.018011808395385742]
[1988, 0.017809152603149414]
[1989, 0.017976999282836914]
[1990, 0.0178983211517334]
[1991, 0.017878055572509766]
[1992, 0.017978906631469727]
[1993, 0.017777681350708008]
[1994, 0.017917156219482422]
[1995, 0.018054723739624023]
[1996, 0.01777935028076172]
[1997, 0.0181121826171875]
[1998, 0.01782822608947754]
[1999, 0.017904281616210938]
[2000, 0.01793980598449707]
[2001, 0.01792144775390625]
[2002, 0.01826643943786621]
[2003, 0.018128633499145508]
[2004, 0.018503665924072266]
[2005, 0.017998933792114258]
[2006, 0.01805877685546875]
[2007, 0.018194913864135742]
[2008, 0.018138647079467773]
[2009, 0.018131256103515625]
[2010, 0.01840806007385254]
[2011, 0.017961978912353516]
[2012, 0.018368959426879883]
[2013, 0.017986059188842773]
[2014, 0.018239259719848633]
[2015, 0.018284082412719727]
[2016, 0.018581628799438477]
[2017, 0.018062353134155273]
[2018, 0.018246173858642578]
[2019, 0.018063068389892578]
[2020, 0.018067598342895508]
[2021, 0.018284082412719727]
[2022, 0.018470048904418945]
[2023, 0.018105268478393555]
[2024, 0.01851058006286621]
[2025, 0.018136978149414062]
[2026, 0.018509387969970703]
[2027, 0.0185396671295166]
[2028, 0.018143177032470703]
[2029, 0.019179582595825195]
[2030, 0.018463850021362305]
[2031, 0.018245458602905273]
[2032, 0.01890730857849121]
[2033, 0.019128799438476562]
[2034, 0.01836705207824707]
[2035, 0.018307924270629883]
[2036, 0.018457889556884766]
[2037, 0.0183258056640625]
[2038, 0.01832747459411621]
[2039, 0.01877880096435547]
[2040, 0.018311262130737305]
[2041, 0.018311500549316406]
[2042, 0.018695354461669922]
[2043, 0.018417835235595703]
[2044, 0.01839470863342285]
[2045, 0.01853775978088379]
[2046, 0.019145727157592773]
[2047, 0.018352031707763672]
[2048, 0.018718242645263672]
[2049, 0.018555641174316406]
[2050, 0.018481016159057617]
[2051, 0.018650293350219727]
[2052, 0.018754005432128906]
[2053, 0.01853799819946289]
[2054, 0.019167661666870117]
[2055, 0.018568038940429688]
[2056, 0.018778085708618164]
[2057, 0.01893019676208496]
[2058, 0.018789052963256836]
[2059, 0.01875782012939453]
[2060, 0.018638134002685547]
[2061, 0.01881122589111328]
[2062, 0.018975496292114258]
[2063, 0.019192218780517578]
[2064, 0.018695831298828125]
[2065, 0.018881559371948242]
[2066, 0.0188295841217041]
[2067, 0.018851518630981445]
[2068, 0.01877593994140625]
[2069, 0.018873929977416992]
[2070, 0.019168853759765625]
[2071, 0.018923521041870117]
[2072, 0.01876091957092285]
[2073, 0.018862247467041016]
[2074, 0.019031763076782227]
[2075, 0.018799304962158203]
[2076, 0.01943802833557129]
[2077, 0.019017696380615234]
[2078, 0.019443511962890625]
[2079, 0.018920421600341797]
[2080, 0.01935267448425293]
[2081, 0.019013404846191406]
[2082, 0.019085168838500977]
[2083, 0.019177913665771484]
[2084, 0.01888871192932129]
[2085, 0.01918172836303711]
[2086, 0.0189511775970459]
[2087, 0.019025564193725586]
[2088, 0.019049882888793945]
[2089, 0.01955723762512207]
[2090, 0.0191192626953125]
[2091, 0.019134044647216797]
[2092, 0.019051313400268555]
[2093, 0.019374370574951172]
[2094, 0.019144535064697266]
[2095, 0.019741296768188477]
[2096, 0.01954817771911621]
[2097, 0.01925826072692871]
[2098, 0.019331932067871094]
[2099, 0.019186973571777344]
[2100, 0.019208192825317383]
[2101, 0.01966571807861328]
[2102, 0.01943683624267578]
[2103, 0.019654512405395508]
[2104, 0.019371509552001953]
[2105, 0.01930856704711914]
[2106, 0.019222736358642578]
[2107, 0.019611120223999023]
[2108, 0.01929330825805664]
[2109, 0.019337177276611328]
[2110, 0.019458293914794922]
[2111, 0.019560575485229492]
[2112, 0.019356966018676758]
[2113, 0.01932072639465332]
[2114, 0.019356250762939453]
[2115, 0.01954197883605957]
[2116, 0.020274639129638672]
[2117, 0.01957535743713379]
[2118, 0.01959824562072754]
[2119, 0.019550323486328125]
[2120, 0.019913911819458008]
[2121, 0.019672870635986328]
[2122, 0.01966261863708496]
[2123, 0.020162105560302734]
[2124, 0.019583940505981445]
[2125, 0.01970696449279785]
[2126, 0.019678592681884766]
[2127, 0.019811153411865234]
[2128, 0.019725322723388672]
[2129, 0.019528627395629883]
[2130, 0.019930601119995117]
[2131, 0.019579648971557617]
[2132, 0.02034163475036621]
[2133, 0.020023345947265625]
