[0, 2.1457672119140625e-06]
[1, 1.430511474609375e-06]
[2, 1.049041748046875e-05]
[3, 1.239776611328125e-05]
[4, 1.71661376953125e-05]
[5, 1.9311904907226562e-05]
[6, 2.7179718017578125e-05]
[7, 3.0040740966796875e-05]
[8, 3.218650817871094e-05]
[9, 4.1484832763671875e-05]
[10, 4.506111145019531e-05]
[11, 4.935264587402344e-05]
[12, 4.9591064453125e-05]
[13, 6.127357482910156e-05]
[14, 4.76837158203125e-05]
[15, 7.200241088867188e-05]
[16, 7.891654968261719e-05]
[17, 8.869171142578125e-05]
[18, 7.915496826171875e-05]
[19, 9.012222290039062e-05]
[20, 9.703636169433594e-05]
[21, 0.00010204315185546875]
[22, 0.00010943412780761719]
[23, 0.00011110305786132812]
[24, 0.00011992454528808594]
[25, 7.700920104980469e-05]
[26, 0.00013637542724609375]
[27, 0.00011444091796875]
[28, 0.0001537799835205078]
[29, 0.00014066696166992188]
[30, 0.00015807151794433594]
[31, 0.0001552104949951172]
[32, 0.0001704692840576172]
[33, 0.00020194053649902344]
[34, 0.00017714500427246094]
[35, 0.00018548965454101562]
[36, 0.0001780986785888672]
[37, 0.0001862049102783203]
[38, 0.0002105236053466797]
[39, 0.0002205371856689453]
[40, 0.00021076202392578125]
[41, 0.00019788742065429688]
[42, 0.00021839141845703125]
[43, 0.00025653839111328125]
[44, 0.000244140625]
[45, 0.00022721290588378906]
[46, 0.00015544891357421875]
[47, 0.0001552104949951172]
[48, 0.0001456737518310547]
[49, 0.00015664100646972656]
[50, 0.0001659393310546875]
[51, 0.00017380714416503906]
[52, 0.00016808509826660156]
[53, 0.00017118453979492188]
[54, 0.00018548965454101562]
[55, 0.00017452239990234375]
[56, 0.00017976760864257812]
[57, 0.00019288063049316406]
[58, 0.0002415180206298828]
[59, 0.00019073486328125]
[60, 0.00019025802612304688]
[61, 0.0002319812774658203]
[62, 0.00022292137145996094]
[63, 0.0002009868621826172]
[64, 0.00024080276489257812]
[65, 0.0002384185791015625]
[66, 0.00022935867309570312]
[67, 0.00022649765014648438]
[68, 0.00026154518127441406]
[69, 0.00024437904357910156]
[70, 0.00023818016052246094]
[71, 0.000247955322265625]
[72, 0.0002841949462890625]
[73, 0.00024175643920898438]
[74, 0.00025534629821777344]
[75, 0.0002777576446533203]
[76, 0.000255584716796875]
[77, 0.00026226043701171875]
[78, 0.00026345252990722656]
[79, 0.0002932548522949219]
[80, 0.0004444122314453125]
[81, 0.0003094673156738281]
[82, 0.0002777576446533203]
[83, 0.0003387928009033203]
[84, 0.0003113746643066406]
[85, 0.0002942085266113281]
[86, 0.00032782554626464844]
[87, 0.0002982616424560547]
[88, 0.0003325939178466797]
[89, 0.0003342628479003906]
[90, 0.0003428459167480469]
[91, 0.0003464221954345703]
[92, 0.0003142356872558594]
[93, 0.0003592967987060547]
[94, 0.0003294944763183594]
[95, 0.00035071372985839844]
[96, 0.0003790855407714844]
[97, 0.0003631114959716797]
[98, 0.0003848075866699219]
[99, 0.00037360191345214844]
[100, 0.00037026405334472656]
[101, 0.0003795623779296875]
[102, 0.0004048347473144531]
[103, 0.00040435791015625]
[104, 0.00036454200744628906]
[105, 0.0003952980041503906]
[106, 0.0003762245178222656]
[107, 0.0004017353057861328]
[108, 0.0004553794860839844]
[109, 0.0005578994750976562]
[110, 0.0004050731658935547]
[111, 0.00038933753967285156]
[112, 0.00042438507080078125]
[113, 0.0003948211669921875]
[114, 0.0004520416259765625]
[115, 0.00040841102600097656]
[116, 0.0004477500915527344]
[117, 0.000431060791015625]
[118, 0.0004894733428955078]
[119, 0.00043511390686035156]
[120, 0.0004482269287109375]
[121, 0.0006029605865478516]
[122, 0.0007033348083496094]
[123, 0.0007174015045166016]
[124, 0.0006954669952392578]
[125, 0.0008325576782226562]
[126, 0.0008380413055419922]
[127, 0.0007884502410888672]
[128, 0.0008385181427001953]
[129, 0.0007464885711669922]
[130, 0.0008416175842285156]
[131, 0.0008819103240966797]
[132, 0.0005285739898681641]
[133, 0.0004875659942626953]
[134, 0.0005347728729248047]
[135, 0.0005345344543457031]
[136, 0.00055694580078125]
[137, 0.0005133152008056641]
[138, 0.0005617141723632812]
[139, 0.0005512237548828125]
[140, 0.0005664825439453125]
[141, 0.0005762577056884766]
[142, 0.0005283355712890625]
[143, 0.0005958080291748047]
[144, 0.0007262229919433594]
[145, 0.0005614757537841797]
[146, 0.0005822181701660156]
[147, 0.000621795654296875]
[148, 0.0005543231964111328]
[149, 0.0006420612335205078]
[150, 0.0005762577056884766]
[151, 0.0006041526794433594]
[152, 0.0006148815155029297]
[153, 0.0006132125854492188]
[154, 0.0006148815155029297]
[155, 0.0006606578826904297]
[156, 0.0005924701690673828]
[157, 0.0006465911865234375]
[158, 0.0006165504455566406]
[159, 0.0006327629089355469]
[160, 0.00066375732421875]
[161, 0.0006742477416992188]
[162, 0.0008165836334228516]
[163, 0.0007076263427734375]
[164, 0.0006685256958007812]
[165, 0.0006515979766845703]
[166, 0.0006945133209228516]
[167, 0.0007052421569824219]
[168, 0.0006926059722900391]
[169, 0.0007145404815673828]
[170, 0.0007171630859375]
[171, 0.0006732940673828125]
[172, 0.0007841587066650391]
[173, 0.0007603168487548828]
[174, 0.0007054805755615234]
[175, 0.0007567405700683594]
[176, 0.0007476806640625]
[177, 0.0009031295776367188]
[178, 0.0007796287536621094]
[179, 0.0007867813110351562]
[180, 0.0007960796356201172]
[181, 0.0007581710815429688]
[182, 0.0007746219635009766]
[183, 0.0007278919219970703]
[184, 0.0007915496826171875]
[185, 0.00078582763671875]
[186, 0.0007884502410888672]
[187, 0.0007512569427490234]
[188, 0.0008108615875244141]
[189, 0.0008518695831298828]
[190, 0.0008285045623779297]
[191, 0.0010020732879638672]
[192, 0.0008103847503662109]
[193, 0.0008449554443359375]
[194, 0.0008292198181152344]
[195, 0.0008435249328613281]
[196, 0.0008943080902099609]
[197, 0.0008530616760253906]
[198, 0.0008711814880371094]
[199, 0.0008728504180908203]
[200, 0.0008587837219238281]
[201, 0.0008709430694580078]
[202, 0.0008864402770996094]
[203, 0.0008676052093505859]
[204, 0.0009493827819824219]
[205, 0.0009143352508544922]
[206, 0.0009043216705322266]
[207, 0.000911712646484375]
[208, 0.0009205341339111328]
[209, 0.0009307861328125]
[210, 0.0008997917175292969]
[211, 0.0009047985076904297]
[212, 0.0009095668792724609]
[213, 0.0009300708770751953]
[214, 0.0011188983917236328]
[215, 0.0010764598846435547]
[216, 0.0009813308715820312]
[217, 0.0009584426879882812]
[218, 0.0009462833404541016]
[219, 0.0009572505950927734]
[220, 0.0009832382202148438]
[221, 0.0009989738464355469]
[222, 0.0010485649108886719]
[223, 0.001298666000366211]
[224, 0.0010769367218017578]
[225, 0.0010251998901367188]
[226, 0.0012652873992919922]
[227, 0.0010666847229003906]
[228, 0.0013420581817626953]
[229, 0.0016891956329345703]
[230, 0.0010945796966552734]
[231, 0.0010340213775634766]
[232, 0.0010406970977783203]
[233, 0.001035928726196289]
[234, 0.0010516643524169922]
[235, 0.0013432502746582031]
[236, 0.0010595321655273438]
[237, 0.0010905265808105469]
[238, 0.0010826587677001953]
[239, 0.00109100341796875]
[240, 0.0010728836059570312]
[241, 0.0010831356048583984]
[242, 0.0011076927185058594]
[243, 0.0011415481567382812]
[244, 0.0011208057403564453]
[245, 0.0016527175903320312]
[246, 0.0010793209075927734]
[247, 0.0011181831359863281]
[248, 0.0011434555053710938]
[249, 0.0011472702026367188]
[250, 0.0011353492736816406]
[251, 0.0011725425720214844]
[252, 0.0011293888092041016]
[253, 0.0011310577392578125]
[254, 0.0012710094451904297]
[255, 0.0011661052703857422]
[256, 0.0011548995971679688]
[257, 0.0011734962463378906]
[258, 0.0011687278747558594]
[259, 0.0011501312255859375]
[260, 0.0011839866638183594]
[261, 0.0011963844299316406]
[262, 0.0012030601501464844]
[263, 0.0012919902801513672]
[264, 0.0012958049774169922]
[265, 0.0012102127075195312]
[266, 0.001203775405883789]
[267, 0.0013015270233154297]
[268, 0.0012295246124267578]
[269, 0.0012226104736328125]
[270, 0.0012385845184326172]
[271, 0.0018281936645507812]
[272, 0.0016040802001953125]
[273, 0.0012531280517578125]
[274, 0.0012590885162353516]
[275, 0.001252889633178711]
[276, 0.0012669563293457031]
[277, 0.0012993812561035156]
[278, 0.0012695789337158203]
[279, 0.0016448497772216797]
[280, 0.001384735107421875]
[281, 0.0013689994812011719]
[282, 0.0012831687927246094]
[283, 0.0012989044189453125]
[284, 0.0015370845794677734]
[285, 0.0013549327850341797]
[286, 0.0013074874877929688]
[287, 0.0014944076538085938]
[288, 0.0013833045959472656]
[289, 0.0013513565063476562]
[290, 0.0013608932495117188]
[291, 0.0018122196197509766]
[292, 0.001352071762084961]
[293, 0.0013637542724609375]
[294, 0.0016887187957763672]
[295, 0.0015826225280761719]
[296, 0.0014429092407226562]
[297, 0.002386331558227539]
[298, 0.001375436782836914]
[299, 0.0014393329620361328]
[300, 0.0014019012451171875]
[301, 0.0017478466033935547]
[302, 0.001439809799194336]
[303, 0.0014371871948242188]
[304, 0.0015079975128173828]
[305, 0.0014526844024658203]
[306, 0.0014543533325195312]
[307, 0.0014874935150146484]
[308, 0.0017750263214111328]
[309, 0.0014946460723876953]
[310, 0.0014584064483642578]
[311, 0.0014715194702148438]
[312, 0.0016553401947021484]
[313, 0.0017237663269042969]
[314, 0.0014836788177490234]
[315, 0.0020873546600341797]
[316, 0.001560211181640625]
[317, 0.0015609264373779297]
[318, 0.0015709400177001953]
[319, 0.0021474361419677734]
[320, 0.0016279220581054688]
[321, 0.001537322998046875]
[322, 0.0018796920776367188]
[323, 0.0015475749969482422]
[324, 0.0015490055084228516]
[325, 0.0016362667083740234]
[326, 0.001680135726928711]
[327, 0.0016694068908691406]
[328, 0.001954793930053711]
[329, 0.0017046928405761719]
[330, 0.0016336441040039062]
[331, 0.0017664432525634766]
[332, 0.0018286705017089844]
[333, 0.0016684532165527344]
[334, 0.0016601085662841797]
[335, 0.0017905235290527344]
[336, 0.0016758441925048828]
[337, 0.0016770362854003906]
[338, 0.001657247543334961]
[339, 0.002279520034790039]
[340, 0.0016803741455078125]
[341, 0.001802206039428711]
[342, 0.0017476081848144531]
[343, 0.0017316341400146484]
[344, 0.0017452239990234375]
[345, 0.001725912094116211]
[346, 0.0017578601837158203]
[347, 0.001973390579223633]
[348, 0.0017504692077636719]
[349, 0.001806497573852539]
[350, 0.001779317855834961]
[351, 0.0017712116241455078]
[352, 0.00182342529296875]
[353, 0.0020012855529785156]
[354, 0.0017626285552978516]
[355, 0.0017800331115722656]
[356, 0.0018186569213867188]
[357, 0.0017795562744140625]
[358, 0.0018382072448730469]
[359, 0.0025835037231445312]
[360, 0.001821279525756836]
[361, 0.0019116401672363281]
[362, 0.0018644332885742188]
[363, 0.0018773078918457031]
[364, 0.002239704132080078]
[365, 0.0019083023071289062]
[366, 0.0019099712371826172]
[367, 0.002009868621826172]
[368, 0.002566099166870117]
[369, 0.0019779205322265625]
[370, 0.0020470619201660156]
[371, 0.0019676685333251953]
[372, 0.0019745826721191406]
[373, 0.0018923282623291016]
[374, 0.0018949508666992188]
[375, 0.0023632049560546875]
[376, 0.0021796226501464844]
[377, 0.002033233642578125]
[378, 0.0019001960754394531]
[379, 0.0019016265869140625]
[380, 0.001920938491821289]
[381, 0.002000570297241211]
[382, 0.0019164085388183594]
[383, 0.0019752979278564453]
[384, 0.0025680065155029297]
[385, 0.0019497871398925781]
[386, 0.0023131370544433594]
[387, 0.0019893646240234375]
[388, 0.0020105838775634766]
[389, 0.0019931793212890625]
[390, 0.0019981861114501953]
[391, 0.002232789993286133]
[392, 0.0020508766174316406]
[393, 0.002048015594482422]
[394, 0.0026361942291259766]
[395, 0.002176046371459961]
[396, 0.002012014389038086]
[397, 0.0020821094512939453]
[398, 0.0020856857299804688]
[399, 0.0020818710327148438]
[400, 0.0021615028381347656]
[401, 0.0021038055419921875]
[402, 0.0024352073669433594]
[403, 0.002113819122314453]
[404, 0.002084016799926758]
[405, 0.0021162033081054688]
[406, 0.0021445751190185547]
[407, 0.002465486526489258]
[408, 0.002134561538696289]
[409, 0.0021352767944335938]
[410, 0.0021369457244873047]
[411, 0.002145528793334961]
[412, 0.002908945083618164]
[413, 0.002125263214111328]
[414, 0.002168416976928711]
[415, 0.002157449722290039]
[416, 0.0022385120391845703]
[417, 0.002620220184326172]
[418, 0.0022182464599609375]
[419, 0.0024018287658691406]
[420, 0.002311229705810547]
[421, 0.002203226089477539]
[422, 0.0026323795318603516]
[423, 0.002216815948486328]
[424, 0.00225067138671875]
[425, 0.002229928970336914]
[426, 0.00296783447265625]
[427, 0.002463102340698242]
[428, 0.002236604690551758]
[429, 0.002247333526611328]
[430, 0.002283811569213867]
[431, 0.0022683143615722656]
[432, 0.002403736114501953]
[433, 0.002337217330932617]
[434, 0.002355813980102539]
[435, 0.002317667007446289]
[436, 0.002644777297973633]
[437, 0.0023522377014160156]
[438, 0.0023567676544189453]
[439, 0.0024733543395996094]
[440, 0.0024023056030273438]
[441, 0.0026578903198242188]
[442, 0.0029168128967285156]
[443, 0.002459287643432617]
[444, 0.0023851394653320312]
[445, 0.002427339553833008]
[446, 0.0025310516357421875]
[447, 0.002453327178955078]
[448, 0.002428293228149414]
[449, 0.0024340152740478516]
[450, 0.002816915512084961]
[451, 0.002557992935180664]
[452, 0.002466440200805664]
[453, 0.002410888671875]
[454, 0.0024499893188476562]
[455, 0.0026366710662841797]
[456, 0.0024993419647216797]
[457, 0.0026285648345947266]
[458, 0.0031228065490722656]
[459, 0.0028879642486572266]
[460, 0.0025141239166259766]
[461, 0.002637624740600586]
[462, 0.002534151077270508]
[463, 0.0028557777404785156]
[464, 0.0025217533111572266]
[465, 0.0026297569274902344]
[466, 0.0025272369384765625]
[467, 0.002566814422607422]
[468, 0.002881288528442383]
[469, 0.002538919448852539]
[470, 0.0025653839111328125]
[471, 0.0028777122497558594]
[472, 0.00298309326171875]
[473, 0.0026094913482666016]
[474, 0.0025968551635742188]
[475, 0.002607583999633789]
[476, 0.0030100345611572266]
[477, 0.0026235580444335938]
[478, 0.0026078224182128906]
[479, 0.002604246139526367]
[480, 0.0026123523712158203]
[481, 0.0027077198028564453]
[482, 0.002675771713256836]
[483, 0.0027434825897216797]
[484, 0.0030281543731689453]
[485, 0.002844572067260742]
[486, 0.0027446746826171875]
[487, 0.0026755332946777344]
[488, 0.002757549285888672]
[489, 0.003050088882446289]
[490, 0.0027074813842773438]
[491, 0.0027322769165039062]
[492, 0.002811431884765625]
[493, 0.0030651092529296875]
[494, 0.0027289390563964844]
[495, 0.0028197765350341797]
[496, 0.0027480125427246094]
[497, 0.003198862075805664]
[498, 0.0034198760986328125]
[499, 0.002852201461791992]
[500, 0.0028264522552490234]
[501, 0.003245115280151367]
[502, 0.0028748512268066406]
[503, 0.002920866012573242]
[504, 0.0028657913208007812]
[505, 0.0031478404998779297]
[506, 0.002845287322998047]
[507, 0.0036454200744628906]
[508, 0.002973794937133789]
[509, 0.003049612045288086]
[510, 0.0028815269470214844]
[511, 0.0034720897674560547]
[512, 0.0033388137817382812]
[513, 0.002962827682495117]
[514, 0.0029001235961914062]
[515, 0.0029125213623046875]
[516, 0.003231525421142578]
[517, 0.0030052661895751953]
[518, 0.0029268264770507812]
[519, 0.0035331249237060547]
[520, 0.003265380859375]
[521, 0.003000974655151367]
[522, 0.00312042236328125]
[523, 0.003568887710571289]
[524, 0.0050432682037353516]
[525, 0.004102945327758789]
[526, 0.004561662673950195]
[527, 0.003122568130493164]
[528, 0.0031549930572509766]
[529, 0.0032167434692382812]
[530, 0.003584146499633789]
[531, 0.0031707286834716797]
[532, 0.0032677650451660156]
[533, 0.0034935474395751953]
[534, 0.0032782554626464844]
[535, 0.0032067298889160156]
[536, 0.003232717514038086]
[537, 0.0035173892974853516]
[538, 0.003356456756591797]
[539, 0.003258228302001953]
[540, 0.003387451171875]
[541, 0.0032405853271484375]
[542, 0.0032291412353515625]
[543, 0.003493785858154297]
[544, 0.003566741943359375]
[545, 0.004401683807373047]
[546, 0.004500150680541992]
[547, 0.003670930862426758]
[548, 0.003318309783935547]
[549, 0.0033054351806640625]
[550, 0.00363922119140625]
[551, 0.0032601356506347656]
[552, 0.0033147335052490234]
[553, 0.0032830238342285156]
[554, 0.0035572052001953125]
[555, 0.003249645233154297]
[556, 0.003382444381713867]
[557, 0.0038297176361083984]
[558, 0.003383636474609375]
[559, 0.003372669219970703]
[560, 0.0035347938537597656]
[561, 0.003672361373901367]
[562, 0.003445148468017578]
[563, 0.003470897674560547]
[564, 0.0037164688110351562]
[565, 0.0034236907958984375]
[566, 0.003622770309448242]
[567, 0.003611326217651367]
[568, 0.0037937164306640625]
[569, 0.0036156177520751953]
[570, 0.004030942916870117]
[571, 0.004520416259765625]
[572, 0.004597663879394531]
[573, 0.0036787986755371094]
[574, 0.0035741329193115234]
[575, 0.0035614967346191406]
[576, 0.0035219192504882812]
[577, 0.004239559173583984]
[578, 0.004526376724243164]
[579, 0.003663301467895508]
[580, 0.0035398006439208984]
[581, 0.003618478775024414]
[582, 0.0037641525268554688]
[583, 0.003567934036254883]
[584, 0.003561258316040039]
[585, 0.003597259521484375]
[586, 0.0037827491760253906]
[587, 0.0036683082580566406]
[588, 0.0035369396209716797]
[589, 0.0039920806884765625]
[590, 0.0037326812744140625]
[591, 0.0036458969116210938]
[592, 0.0038018226623535156]
[593, 0.0035371780395507812]
[594, 0.003574848175048828]
[595, 0.003603696823120117]
[596, 0.0036025047302246094]
[597, 0.0036411285400390625]
[598, 0.004229307174682617]
[599, 0.0038366317749023438]
[600, 0.0037841796875]
[601, 0.0036377906799316406]
[602, 0.003824949264526367]
[603, 0.003624439239501953]
[604, 0.003760099411010742]
[605, 0.003968954086303711]
[606, 0.0037980079650878906]
[607, 0.005106687545776367]
[608, 0.0046024322509765625]
[609, 0.0036897659301757812]
[610, 0.003776073455810547]
[611, 0.0040132999420166016]
[612, 0.003841400146484375]
[613, 0.0038318634033203125]
[614, 0.003961086273193359]
[615, 0.0038378238677978516]
[616, 0.0038290023803710938]
[617, 0.004487276077270508]
[618, 0.0041468143463134766]
[619, 0.003793478012084961]
[620, 0.0040073394775390625]
[621, 0.003838062286376953]
[622, 0.0038089752197265625]
[623, 0.003980875015258789]
[624, 0.0038881301879882812]
[625, 0.0038537979125976562]
[626, 0.0040323734283447266]
[627, 0.0039215087890625]
[628, 0.004421234130859375]
[629, 0.004114866256713867]
[630, 0.004871845245361328]
[631, 0.003881692886352539]
[632, 0.004072666168212891]
[633, 0.003949642181396484]
[634, 0.0039196014404296875]
[635, 0.0040836334228515625]
[636, 0.003993034362792969]
[637, 0.004003286361694336]
[638, 0.004189491271972656]
[639, 0.003957033157348633]
[640, 0.003968477249145508]
[641, 0.004124879837036133]
[642, 0.003951311111450195]
[643, 0.004095792770385742]
[644, 0.004244804382324219]
[645, 0.004155635833740234]
[646, 0.004258871078491211]
[647, 0.004267454147338867]
[648, 0.0040302276611328125]
[649, 0.004038333892822266]
[650, 0.0042192935943603516]
[651, 0.004182100296020508]
[652, 0.004178524017333984]
[653, 0.004384040832519531]
[654, 0.004125118255615234]
[655, 0.004631519317626953]
[656, 0.004199028015136719]
[657, 0.004132509231567383]
[658, 0.0047588348388671875]
[659, 0.0041506290435791016]
[660, 0.00414729118347168]
[661, 0.0044307708740234375]
[662, 0.004282236099243164]
[663, 0.004270315170288086]
[664, 0.005038738250732422]
[665, 0.00435328483581543]
[666, 0.004271984100341797]
[667, 0.004476785659790039]
[668, 0.004302024841308594]
[669, 0.0043299198150634766]
[670, 0.004376411437988281]
[671, 0.004319667816162109]
[672, 0.004515647888183594]
[673, 0.0049016475677490234]
[674, 0.00585174560546875]
[675, 0.007210969924926758]
[676, 0.004628181457519531]
[677, 0.004808902740478516]
[678, 0.004360198974609375]
[679, 0.004544734954833984]
[680, 0.0043027400970458984]
[681, 0.004374027252197266]
[682, 0.004446506500244141]
[683, 0.004364967346191406]
[684, 0.004334211349487305]
[685, 0.004462242126464844]
[686, 0.004559040069580078]
[687, 0.004387378692626953]
[688, 0.004538059234619141]
[689, 0.004486083984375]
[690, 0.004782199859619141]
[691, 0.0045545101165771484]
[692, 0.005059719085693359]
[693, 0.004907369613647461]
[694, 0.004468679428100586]
[695, 0.004819393157958984]
[696, 0.004477739334106445]
[697, 0.0044710636138916016]
[698, 0.005290031433105469]
[699, 0.004462480545043945]
[700, 0.004601716995239258]
[701, 0.00450897216796875]
[702, 0.004695415496826172]
[703, 0.004627227783203125]
[704, 0.00457310676574707]
[705, 0.00458979606628418]
[706, 0.004559040069580078]
[707, 0.004645109176635742]
[708, 0.004602670669555664]
[709, 0.004641056060791016]
[710, 0.004565000534057617]
[711, 0.004613399505615234]
[712, 0.0046482086181640625]
[713, 0.00468754768371582]
[714, 0.0046787261962890625]
[715, 0.004647493362426758]
[716, 0.004701852798461914]
[717, 0.0046443939208984375]
[718, 0.00566411018371582]
[719, 0.004791259765625]
[720, 0.004643917083740234]
[721, 0.0049228668212890625]
[722, 0.004693746566772461]
[723, 0.004906654357910156]
[724, 0.005064249038696289]
[725, 0.0048143863677978516]
[726, 0.004811286926269531]
[727, 0.004755735397338867]
[728, 0.004776954650878906]
[729, 0.004698038101196289]
[730, 0.004775524139404297]
[731, 0.004747629165649414]
[732, 0.005139350891113281]
[733, 0.0047969818115234375]
[734, 0.004829883575439453]
[735, 0.004846811294555664]
[736, 0.005060672760009766]
[737, 0.0048503875732421875]
[738, 0.0055615901947021484]
[739, 0.0051860809326171875]
[740, 0.0052509307861328125]
[741, 0.004992961883544922]
[742, 0.0049588680267333984]
[743, 0.0048520565032958984]
[744, 0.005014181137084961]
[745, 0.004934787750244141]
[746, 0.005057334899902344]
[747, 0.004893064498901367]
[748, 0.005494117736816406]
[749, 0.004981279373168945]
[750, 0.0051686763763427734]
[751, 0.004945993423461914]
[752, 0.004999876022338867]
[753, 0.00500035285949707]
[754, 0.005003929138183594]
[755, 0.005041837692260742]
[756, 0.005372285842895508]
[757, 0.005171060562133789]
[758, 0.0051386356353759766]
[759, 0.005091428756713867]
[760, 0.0052242279052734375]
[761, 0.005071878433227539]
[762, 0.0051953792572021484]
[763, 0.005105018615722656]
[764, 0.005429506301879883]
[765, 0.005232572555541992]
[766, 0.005794525146484375]
[767, 0.005089521408081055]
[768, 0.005077362060546875]
[769, 0.005300998687744141]
[770, 0.005320310592651367]
[771, 0.00518798828125]
[772, 0.005171060562133789]
[773, 0.005160093307495117]
[774, 0.005179643630981445]
[775, 0.005263328552246094]
[776, 0.0052564144134521484]
[777, 0.005327701568603516]
[778, 0.005206108093261719]
[779, 0.005263090133666992]
[780, 0.005234956741333008]
[781, 0.005410671234130859]
[782, 0.005297660827636719]
[783, 0.005258798599243164]
[784, 0.005290031433105469]
[785, 0.0053136348724365234]
[786, 0.005326747894287109]
[787, 0.0052754878997802734]
[788, 0.005377054214477539]
[789, 0.0054874420166015625]
[790, 0.005557060241699219]
[791, 0.005403995513916016]
[792, 0.0054209232330322266]
[793, 0.005598783493041992]
[794, 0.005393266677856445]
[795, 0.005387783050537109]
[796, 0.005623579025268555]
[797, 0.005473136901855469]
[798, 0.005449056625366211]
[799, 0.00540924072265625]
[800, 0.005463600158691406]
[801, 0.005429506301879883]
[802, 0.005518674850463867]
[803, 0.0054433345794677734]
[804, 0.0055713653564453125]
[805, 0.005537271499633789]
[806, 0.005673408508300781]
[807, 0.005559682846069336]
[808, 0.0054874420166015625]
[809, 0.005921363830566406]
[810, 0.005638837814331055]
[811, 0.0055158138275146484]
[812, 0.005801200866699219]
[813, 0.005640983581542969]
[814, 0.0055501461029052734]
[815, 0.0056078433990478516]
[816, 0.00565648078918457]
[817, 0.005609273910522461]
[818, 0.005645036697387695]
[819, 0.005696535110473633]
[820, 0.0059239864349365234]
[821, 0.005984067916870117]
[822, 0.005651712417602539]
[823, 0.0061702728271484375]
[824, 0.00592350959777832]
[825, 0.005828380584716797]
[826, 0.0058825016021728516]
[827, 0.005753993988037109]
[828, 0.0057141780853271484]
[829, 0.00576472282409668]
[830, 0.006140232086181641]
[831, 0.005830526351928711]
[832, 0.005724906921386719]
[833, 0.005930900573730469]
[834, 0.005846261978149414]
[835, 0.006484031677246094]
[836, 0.005804777145385742]
[837, 0.006230354309082031]
[838, 0.005899667739868164]
[839, 0.005859375]
[840, 0.006095170974731445]
[841, 0.006011009216308594]
[842, 0.006068706512451172]
[843, 0.006018877029418945]
[844, 0.006496429443359375]
[845, 0.005902767181396484]
[846, 0.0061244964599609375]
[847, 0.0061490535736083984]
[848, 0.006142854690551758]
[849, 0.006386995315551758]
[850, 0.005959033966064453]
[851, 0.005944490432739258]
[852, 0.006062030792236328]
[853, 0.005990505218505859]
[854, 0.006094455718994141]
[855, 0.006415367126464844]
[856, 0.007080554962158203]
[857, 0.0060577392578125]
[858, 0.006008148193359375]
[859, 0.006290435791015625]
[860, 0.006052970886230469]
[861, 0.006232500076293945]
[862, 0.006085395812988281]
[863, 0.0063474178314208984]
[864, 0.006144285202026367]
[865, 0.00627446174621582]
[866, 0.0061206817626953125]
[867, 0.006325244903564453]
[868, 0.006237506866455078]
[869, 0.006253242492675781]
[870, 0.00624537467956543]
[871, 0.0063931941986083984]
[872, 0.00726771354675293]
[873, 0.0062291622161865234]
[874, 0.006196737289428711]
[875, 0.006441593170166016]
[876, 0.00630497932434082]
[877, 0.006345033645629883]
[878, 0.006197452545166016]
[879, 0.006556034088134766]
[880, 0.006468057632446289]
[881, 0.006363391876220703]
[882, 0.006327629089355469]
[883, 0.006521701812744141]
[884, 0.0063741207122802734]
[885, 0.006392478942871094]
[886, 0.006626129150390625]
[887, 0.006490230560302734]
[888, 0.00634765625]
[889, 0.0065195560455322266]
[890, 0.00665593147277832]
[891, 0.006451845169067383]
[892, 0.006436586380004883]
[893, 0.006490230560302734]
[894, 0.006521701812744141]
[895, 0.006836652755737305]
[896, 0.006491899490356445]
[897, 0.0066487789154052734]
[898, 0.0064792633056640625]
[899, 0.006552934646606445]
[900, 0.006518840789794922]
[901, 0.0064809322357177734]
[902, 0.00683140754699707]
[903, 0.0065805912017822266]
[904, 0.0065495967864990234]
[905, 0.00655364990234375]
[906, 0.006604194641113281]
[907, 0.006655454635620117]
[908, 0.006953239440917969]
[909, 0.006601810455322266]
[910, 0.006674528121948242]
[911, 0.00655817985534668]
[912, 0.006669282913208008]
[913, 0.006911039352416992]
[914, 0.0070722103118896484]
[915, 0.0066454410552978516]
[916, 0.006793022155761719]
[917, 0.0067250728607177734]
[918, 0.006762981414794922]
[919, 0.006802082061767578]
[920, 0.00725245475769043]
[921, 0.006698131561279297]
[922, 0.006871938705444336]
[923, 0.006737232208251953]
[924, 0.006812334060668945]
[925, 0.007093191146850586]
[926, 0.007201194763183594]
[927, 0.006908893585205078]
[928, 0.006793975830078125]
[929, 0.007091045379638672]
[930, 0.006863832473754883]
[931, 0.006819963455200195]
[932, 0.0073337554931640625]
[933, 0.006860017776489258]
[934, 0.006988048553466797]
[935, 0.007020711898803711]
[936, 0.007048606872558594]
[937, 0.007045269012451172]
[938, 0.0072290897369384766]
[939, 0.006909370422363281]
[940, 0.0070781707763671875]
[941, 0.0070574283599853516]
[942, 0.006955146789550781]
[943, 0.007145404815673828]
[944, 0.007135868072509766]
[945, 0.007115364074707031]
[946, 0.007108211517333984]
[947, 0.007101774215698242]
[948, 0.007475376129150391]
[949, 0.0070743560791015625]
[950, 0.007825613021850586]
[951, 0.007242679595947266]
[952, 0.007328033447265625]
[953, 0.007160663604736328]
[954, 0.007600545883178711]
[955, 0.007315874099731445]
[956, 0.007241487503051758]
[957, 0.007199764251708984]
[958, 0.00711512565612793]
[959, 0.007149457931518555]
[960, 0.007534027099609375]
[961, 0.0072727203369140625]
[962, 0.007309913635253906]
[963, 0.007298946380615234]
[964, 0.007183074951171875]
[965, 0.007304191589355469]
[966, 0.0076258182525634766]
[967, 0.0073642730712890625]
[968, 0.007945775985717773]
[969, 0.007660865783691406]
[970, 0.0073108673095703125]
[971, 0.007340669631958008]
[972, 0.007692575454711914]
[973, 0.007544040679931641]
[974, 0.007350921630859375]
[975, 0.007531881332397461]
[976, 0.007572174072265625]
[977, 0.007428884506225586]
[978, 0.007823467254638672]
[979, 0.00750732421875]
[980, 0.007685661315917969]
[981, 0.0074176788330078125]
[982, 0.007813692092895508]
[983, 0.0075876712799072266]
[984, 0.0075762271881103516]
[985, 0.007445335388183594]
[986, 0.007854461669921875]
[987, 0.007515668869018555]
[988, 0.0076160430908203125]
[989, 0.00805974006652832]
[990, 0.0076444149017333984]
[991, 0.007555723190307617]
[992, 0.007582187652587891]
[993, 0.0075397491455078125]
[994, 0.007820844650268555]
[995, 0.008062601089477539]
[996, 0.007637500762939453]
[997, 0.007699012756347656]
[998, 0.007704973220825195]
[999, 0.007643699645996094]
[1000, 0.007775783538818359]
[1001, 0.0077667236328125]
[1002, 0.007978200912475586]
[1003, 0.007655620574951172]
[1004, 0.007866144180297852]
[1005, 0.007816553115844727]
[1006, 0.007758378982543945]
[1007, 0.007852554321289062]
[1008, 0.008228778839111328]
[1009, 0.00802159309387207]
[1010, 0.007782936096191406]
[1011, 0.008306503295898438]
[1012, 0.007893562316894531]
[1013, 0.007861852645874023]
[1014, 0.00786280632019043]
[1015, 0.008102893829345703]
[1016, 0.007927417755126953]
[1017, 0.007923364639282227]
[1018, 0.007918834686279297]
[1019, 0.007917404174804688]
[1020, 0.007962226867675781]
[1021, 0.008005380630493164]
[1022, 0.008183002471923828]
[1023, 0.007964372634887695]
[1024, 0.007960081100463867]
[1025, 0.00802755355834961]
[1026, 0.008366107940673828]
[1027, 0.007966995239257812]
[1028, 0.008087158203125]
[1029, 0.00805044174194336]
[1030, 0.008152246475219727]
[1031, 0.008162736892700195]
[1032, 0.008461475372314453]
[1033, 0.008233308792114258]
[1034, 0.008238077163696289]
[1035, 0.00806736946105957]
[1036, 0.008611202239990234]
[1037, 0.008224248886108398]
[1038, 0.008304834365844727]
[1039, 0.008445978164672852]
[1040, 0.008168458938598633]
[1041, 0.009708642959594727]
[1042, 0.00818181037902832]
[1043, 0.008182048797607422]
[1044, 0.008309125900268555]
[1045, 0.00838327407836914]
[1046, 0.009993791580200195]
[1047, 0.008276939392089844]
[1048, 0.008274555206298828]
[1049, 0.008408069610595703]
[1050, 0.008605003356933594]
[1051, 0.008793354034423828]
[1052, 0.008334875106811523]
[1053, 0.008402824401855469]
[1054, 0.00840616226196289]
[1055, 0.008305788040161133]
[1056, 0.008792877197265625]
[1057, 0.008396625518798828]
[1058, 0.008369207382202148]
[1059, 0.008446931838989258]
[1060, 0.008463621139526367]
[1061, 0.008678913116455078]
[1062, 0.00858306884765625]
[1063, 0.008424758911132812]
[1064, 0.008569002151489258]
[1065, 0.008652925491333008]
[1066, 0.008874654769897461]
[1067, 0.00859689712524414]
[1068, 0.00860905647277832]
[1069, 0.008676528930664062]
[1070, 0.00856328010559082]
[1071, 0.009110689163208008]
[1072, 0.008497953414916992]
[1073, 0.008795022964477539]
[1074, 0.008701562881469727]
[1075, 0.008641242980957031]
[1076, 0.008998394012451172]
[1077, 0.008706331253051758]
[1078, 0.009473323822021484]
[1079, 0.008869171142578125]
[1080, 0.008740663528442383]
[1081, 0.009267807006835938]
[1082, 0.009024381637573242]
[1083, 0.0088043212890625]
[1084, 0.008785724639892578]
[1085, 0.008778572082519531]
[1086, 0.009087085723876953]
[1087, 0.009006500244140625]
[1088, 0.008768796920776367]
[1089, 0.008839130401611328]
[1090, 0.008786201477050781]
[1091, 0.009436607360839844]
[1092, 0.011103630065917969]
[1093, 0.00934290885925293]
[1094, 0.009159326553344727]
[1095, 0.008939266204833984]
[1096, 0.008902788162231445]
[1097, 0.008951902389526367]
[1098, 0.008844375610351562]
[1099, 0.009385824203491211]
[1100, 0.008929014205932617]
[1101, 0.008915901184082031]
[1102, 0.008993864059448242]
[1103, 0.009032011032104492]
[1104, 0.009317398071289062]
[1105, 0.008974075317382812]
[1106, 0.009053945541381836]
[1107, 0.009017229080200195]
[1108, 0.00908970832824707]
[1109, 0.00945425033569336]
[1110, 0.009028434753417969]
[1111, 0.009051322937011719]
[1112, 0.009099721908569336]
[1113, 0.009127140045166016]
[1114, 0.009536266326904297]
[1115, 0.009148836135864258]
[1116, 0.009144783020019531]
[1117, 0.009124517440795898]
[1118, 0.00915980339050293]
[1119, 0.009508371353149414]
[1120, 0.009216785430908203]
[1121, 0.00924062728881836]
[1122, 0.00923776626586914]
[1123, 0.00935816764831543]
[1124, 0.009589910507202148]
[1125, 0.0093994140625]
[1126, 0.009222030639648438]
[1127, 0.009238481521606445]
[1128, 0.00929713249206543]
[1129, 0.009698152542114258]
[1130, 0.009352684020996094]
[1131, 0.009344339370727539]
[1132, 0.00937509536743164]
[1133, 0.009572744369506836]
[1134, 0.009713411331176758]
[1135, 0.009405374526977539]
[1136, 0.00988912582397461]
[1137, 0.009465932846069336]
[1138, 0.009479284286499023]
[1139, 0.00946950912475586]
[1140, 0.009404897689819336]
[1141, 0.00945591926574707]
[1142, 0.009526491165161133]
[1143, 0.009989023208618164]
[1144, 0.009516477584838867]
[1145, 0.009857177734375]
[1146, 0.009566783905029297]
[1147, 0.009582996368408203]
[1148, 0.009946823120117188]
[1149, 0.009493112564086914]
[1150, 0.010251522064208984]
[1151, 0.009605646133422852]
[1152, 0.00965118408203125]
[1153, 0.009548425674438477]
[1154, 0.009733200073242188]
[1155, 0.009686470031738281]
[1156, 0.009768009185791016]
[1157, 0.009657859802246094]
[1158, 0.009754419326782227]
[1159, 0.009723186492919922]
[1160, 0.009705066680908203]
[1161, 0.010488033294677734]
[1162, 0.009763479232788086]
[1163, 0.009765625]
[1164, 0.009974241256713867]
[1165, 0.009840011596679688]
[1166, 0.009816408157348633]
[1167, 0.00985574722290039]
[1168, 0.009835958480834961]
[1169, 0.009929418563842773]
[1170, 0.009827613830566406]
[1171, 0.009921073913574219]
[1172, 0.009912729263305664]
[1173, 0.010365009307861328]
[1174, 0.00986337661743164]
[1175, 0.009971141815185547]
[1176, 0.010763406753540039]
[1177, 0.010123729705810547]
[1178, 0.009979486465454102]
[1179, 0.009965658187866211]
[1180, 0.010036945343017578]
[1181, 0.010166168212890625]
[1182, 0.010040283203125]
[1183, 0.010020971298217773]
[1184, 0.01015019416809082]
[1185, 0.010168075561523438]
[1186, 0.010174989700317383]
[1187, 0.010222196578979492]
[1188, 0.01016378402709961]
[1189, 0.010286092758178711]
[1190, 0.01773977279663086]
[1191, 0.010116815567016602]
[1192, 0.010149002075195312]
[1193, 0.010472297668457031]
[1194, 0.010146617889404297]
[1195, 0.010174036026000977]
[1196, 0.010197162628173828]
[1197, 0.010254383087158203]
[1198, 0.010397911071777344]
[1199, 0.010216474533081055]
[1200, 0.010181903839111328]
[1201, 0.011002540588378906]
[1202, 0.01027536392211914]
[1203, 0.010343074798583984]
[1204, 0.010374069213867188]
[1205, 0.010564804077148438]
[1206, 0.010464191436767578]
[1207, 0.010310649871826172]
[1208, 0.01026153564453125]
[1209, 0.010754585266113281]
[1210, 0.010502338409423828]
[1211, 0.010547399520874023]
[1212, 0.010596752166748047]
[1213, 0.010667800903320312]
[1214, 0.011037588119506836]
[1215, 0.010705709457397461]
[1216, 0.010566473007202148]
[1217, 0.011006355285644531]
[1218, 0.010614871978759766]
[1219, 0.010864973068237305]
[1220, 0.010634422302246094]
[1221, 0.01096963882446289]
[1222, 0.010823249816894531]
[1223, 0.010682106018066406]
[1224, 0.010555028915405273]
[1225, 0.011050224304199219]
[1226, 0.010575056076049805]
[1227, 0.010685443878173828]
[1228, 0.011418581008911133]
[1229, 0.010988473892211914]
[1230, 0.010628938674926758]
[1231, 0.011015653610229492]
[1232, 0.010688066482543945]
[1233, 0.011082887649536133]
[1234, 0.010767936706542969]
[1235, 0.01071310043334961]
[1236, 0.011071205139160156]
[1237, 0.011109590530395508]
[1238, 0.01231527328491211]
[1239, 0.010994911193847656]
[1240, 0.010923147201538086]
[1241, 0.010944366455078125]
[1242, 0.010958671569824219]
[1243, 0.010958433151245117]
[1244, 0.011011123657226562]
[1245, 0.011182546615600586]
[1246, 0.011141300201416016]
[1247, 0.010919809341430664]
[1248, 0.010991811752319336]
[1249, 0.011031150817871094]
[1250, 0.011409997940063477]
[1251, 0.01114964485168457]
[1252, 0.011199951171875]
[1253, 0.01103520393371582]
[1254, 0.011177778244018555]
[1255, 0.011011838912963867]
[1256, 0.011236190795898438]
[1257, 0.011049985885620117]
[1258, 0.011142253875732422]
[1259, 0.011197328567504883]
[1260, 0.011154413223266602]
[1261, 0.011141061782836914]
[1262, 0.011225223541259766]
[1263, 0.011281490325927734]
[1264, 0.011335611343383789]
[1265, 0.011229991912841797]
[1266, 0.011220693588256836]
[1267, 0.01121830940246582]
[1268, 0.011334896087646484]
[1269, 0.0112762451171875]
[1270, 0.011507987976074219]
[1271, 0.011291980743408203]
[1272, 0.011361360549926758]
[1273, 0.011355400085449219]
[1274, 0.011301994323730469]
[1275, 0.011338472366333008]
[1276, 0.01139688491821289]
[1277, 0.011281728744506836]
[1278, 0.011417865753173828]
[1279, 0.011634111404418945]
[1280, 0.011437177658081055]
[1281, 0.011589288711547852]
[1282, 0.011442422866821289]
[1283, 0.011360406875610352]
[1284, 0.011464118957519531]
[1285, 0.011494159698486328]
[1286, 0.011564493179321289]
[1287, 0.01145029067993164]
[1288, 0.011617422103881836]
[1289, 0.01149296760559082]
[1290, 0.011496782302856445]
[1291, 0.01158595085144043]
[1292, 0.011595010757446289]
[1293, 0.011516094207763672]
[1294, 0.011510372161865234]
[1295, 0.011573553085327148]
[1296, 0.011588573455810547]
[1297, 0.01151275634765625]
[1298, 0.011851072311401367]
[1299, 0.011597871780395508]
[1300, 0.011699438095092773]
[1301, 0.012068748474121094]
[1302, 0.011667013168334961]
[1303, 0.011672496795654297]
[1304, 0.011771678924560547]
[1305, 0.011752128601074219]
[1306, 0.011921405792236328]
[1307, 0.011787652969360352]
[1308, 0.011750221252441406]
[1309, 0.011857271194458008]
[1310, 0.011784553527832031]
[1311, 0.01190328598022461]
[1312, 0.011791229248046875]
[1313, 0.011847734451293945]
[1314, 0.011818408966064453]
[1315, 0.012003898620605469]
[1316, 0.011933565139770508]
[1317, 0.012073755264282227]
[1318, 0.012101888656616211]
[1319, 0.012442588806152344]
[1320, 0.012094974517822266]
[1321, 0.012409448623657227]
[1322, 0.011994361877441406]
[1323, 0.012020111083984375]
[1324, 0.012323141098022461]
[1325, 0.01196432113647461]
[1326, 0.01233983039855957]
[1327, 0.01216435432434082]
[1328, 0.012051582336425781]
[1329, 0.01227116584777832]
[1330, 0.012272119522094727]
[1331, 0.012308359146118164]
[1332, 0.012250185012817383]
[1333, 0.012453556060791016]
[1334, 0.012194633483886719]
[1335, 0.012173652648925781]
[1336, 0.012248754501342773]
[1337, 0.012463569641113281]
[1338, 0.012216329574584961]
[1339, 0.012472867965698242]
[1340, 0.012253046035766602]
[1341, 0.01227569580078125]
[1342, 0.012349128723144531]
[1343, 0.012286901473999023]
[1344, 0.012650012969970703]
[1345, 0.012425661087036133]
[1346, 0.012479543685913086]
[1347, 0.012464523315429688]
[1348, 0.01231694221496582]
[1349, 0.012301206588745117]
[1350, 0.012497663497924805]
[1351, 0.012557029724121094]
[1352, 0.012494802474975586]
[1353, 0.012481927871704102]
[1354, 0.012403726577758789]
[1355, 0.012976408004760742]
[1356, 0.01248621940612793]
[1357, 0.012636423110961914]
[1358, 0.01259613037109375]
[1359, 0.013263463973999023]
[1360, 0.012611865997314453]
[1361, 0.012791872024536133]
[1362, 0.012617111206054688]
[1363, 0.012980222702026367]
[1364, 0.01298832893371582]
[1365, 0.012667655944824219]
[1366, 0.012756824493408203]
[1367, 0.01339864730834961]
[1368, 0.012646198272705078]
[1369, 0.012680292129516602]
[1370, 0.013029813766479492]
[1371, 0.01391148567199707]
[1372, 0.013392448425292969]
[1373, 0.012912750244140625]
[1374, 0.012898445129394531]
[1375, 0.013418912887573242]
[1376, 0.013121604919433594]
[1377, 0.012934446334838867]
[1378, 0.013004064559936523]
[1379, 0.01343226432800293]
[1380, 0.013059854507446289]
[1381, 0.013091087341308594]
[1382, 0.013126611709594727]
[1383, 0.014079809188842773]
[1384, 0.013152360916137695]
[1385, 0.013351917266845703]
[1386, 0.013109683990478516]
[1387, 0.013462066650390625]
[1388, 0.013454437255859375]
[1389, 0.013556718826293945]
[1390, 0.013024330139160156]
[1391, 0.013227462768554688]
[1392, 0.01300668716430664]
[1393, 0.013556241989135742]
[1394, 0.013208150863647461]
[1395, 0.01314091682434082]
[1396, 0.0132904052734375]
[1397, 0.013244867324829102]
[1398, 0.01343989372253418]
[1399, 0.01331186294555664]
[1400, 0.013393640518188477]
[1401, 0.013478755950927734]
[1402, 0.013384819030761719]
[1403, 0.013521671295166016]
[1404, 0.013348102569580078]
[1405, 0.01324009895324707]
[1406, 0.013461112976074219]
[1407, 0.013295412063598633]
[1408, 0.013387680053710938]
[1409, 0.013463497161865234]
[1410, 0.013383865356445312]
[1411, 0.013709545135498047]
[1412, 0.013466358184814453]
[1413, 0.013558626174926758]
[1414, 0.014186620712280273]
[1415, 0.013774633407592773]
[1416, 0.013737201690673828]
[1417, 0.013483285903930664]
[1418, 0.013554573059082031]
[1419, 0.01351475715637207]
[1420, 0.013601541519165039]
[1421, 0.013798713684082031]
[1422, 0.013454675674438477]
[1423, 0.013540506362915039]
[1424, 0.013628721237182617]
[1425, 0.01366877555847168]
[1426, 0.013752222061157227]
[1427, 0.013794183731079102]
[1428, 0.013486862182617188]
[1429, 0.013788938522338867]
[1430, 0.013610124588012695]
[1431, 0.01368856430053711]
[1432, 0.013767480850219727]
[1433, 0.016187667846679688]
[1434, 0.01408696174621582]
[1435, 0.014557361602783203]
[1436, 0.014401912689208984]
[1437, 0.014112234115600586]
[1438, 0.01423335075378418]
[1439, 0.013851642608642578]
[1440, 0.013827323913574219]
[1441, 0.014139890670776367]
[1442, 0.013759613037109375]
[1443, 0.014704227447509766]
[1444, 0.014030694961547852]
[1445, 0.01387166976928711]
[1446, 0.014091253280639648]
[1447, 0.014080047607421875]
[1448, 0.014103889465332031]
[1449, 0.013946533203125]
[1450, 0.014070749282836914]
[1451, 0.01405954360961914]
[1452, 0.013909339904785156]
[1453, 0.014137029647827148]
[1454, 0.0142364501953125]
[1455, 0.014187335968017578]
[1456, 0.014058589935302734]
[1457, 0.014211893081665039]
[1458, 0.014126062393188477]
[1459, 0.014108419418334961]
[1460, 0.01421499252319336]
[1461, 0.014366865158081055]
[1462, 0.01424264907836914]
[1463, 0.014492511749267578]
[1464, 0.014124155044555664]
[1465, 0.01431727409362793]
[1466, 0.014229059219360352]
[1467, 0.014513254165649414]
[1468, 0.014605998992919922]
[1469, 0.014506340026855469]
[1470, 0.0142974853515625]
[1471, 0.014293670654296875]
[1472, 0.014449596405029297]
[1473, 0.014376640319824219]
[1474, 0.014225482940673828]
[1475, 0.014316082000732422]
[1476, 0.014661073684692383]
[1477, 0.014648199081420898]
[1478, 0.014354467391967773]
[1479, 0.01443171501159668]
[1480, 0.014660120010375977]
[1481, 0.01444387435913086]
[1482, 0.014762163162231445]
[1483, 0.014544010162353516]
[1484, 0.014411211013793945]
[1485, 0.014604806900024414]
[1486, 0.01486968994140625]
[1487, 0.014608144760131836]
[1488, 0.014635562896728516]
[1489, 0.014597654342651367]
[1490, 0.014675617218017578]
[1491, 0.016346216201782227]
[1492, 0.014774799346923828]
[1493, 0.014986753463745117]
[1494, 0.014942646026611328]
[1495, 0.014752626419067383]
[1496, 0.015062808990478516]
[1497, 0.014801502227783203]
[1498, 0.014788150787353516]
[1499, 0.014678239822387695]
[1500, 0.01500558853149414]
[1501, 0.015036344528198242]
[1502, 0.014806032180786133]
[1503, 0.01508188247680664]
[1504, 0.015095710754394531]
[1505, 0.014950037002563477]
[1506, 0.015176773071289062]
[1507, 0.015120983123779297]
[1508, 0.014831781387329102]
[1509, 0.015161275863647461]
[1510, 0.015237092971801758]
[1511, 0.014937400817871094]
[1512, 0.015176534652709961]
[1513, 0.015256881713867188]
[1514, 0.015074014663696289]
[1515, 0.015153884887695312]
[1516, 0.015230417251586914]
[1517, 0.015051603317260742]
[1518, 0.015436887741088867]
[1519, 0.015247344970703125]
[1520, 0.015476703643798828]
[1521, 0.015259027481079102]
[1522, 0.015390157699584961]
[1523, 0.01544189453125]
[1524, 0.015486478805541992]
[1525, 0.015346288681030273]
[1526, 0.015581130981445312]
[1527, 0.015491724014282227]
[1528, 0.01568126678466797]
[1529, 0.015338897705078125]
[1530, 0.015632152557373047]
[1531, 0.01566791534423828]
[1532, 0.015311479568481445]
[1533, 0.015480756759643555]
[1534, 0.015537738800048828]
[1535, 0.015538692474365234]
[1536, 0.015755891799926758]
[1537, 0.015743732452392578]
[1538, 0.015552759170532227]
[1539, 0.015712976455688477]
[1540, 0.015699386596679688]
[1541, 0.015534639358520508]
[1542, 0.016014814376831055]
[1543, 0.01602935791015625]
[1544, 0.01577305793762207]
[1545, 0.01593756675720215]
[1546, 0.015859603881835938]
[1547, 0.015757322311401367]
[1548, 0.015761137008666992]
[1549, 0.01587700843811035]
[1550, 0.015960693359375]
[1551, 0.015787601470947266]
[1552, 0.015735864639282227]
[1553, 0.015826940536499023]
[1554, 0.016078710556030273]
[1555, 0.015871047973632812]
[1556, 0.016190290451049805]
[1557, 0.015918970108032227]
[1558, 0.015803813934326172]
[1559, 0.01579570770263672]
[1560, 0.015879154205322266]
[1561, 0.015773773193359375]
[1562, 0.016150712966918945]
[1563, 0.015915393829345703]
[1564, 0.0158078670501709]
[1565, 0.015811443328857422]
[1566, 0.016030311584472656]
[1567, 0.016014575958251953]
[1568, 0.01623702049255371]
[1569, 0.016058683395385742]
[1570, 0.016104698181152344]
[1571, 0.016091108322143555]
[1572, 0.01592230796813965]
[1573, 0.016004085540771484]
[1574, 0.01624131202697754]
[1575, 0.01630401611328125]
[1576, 0.016321659088134766]
[1577, 0.016304969787597656]
[1578, 0.016526460647583008]
[1579, 0.01617884635925293]
[1580, 0.016310930252075195]
[1581, 0.0162355899810791]
[1582, 0.016375303268432617]
[1583, 0.016303539276123047]
[1584, 0.016393184661865234]
[1585, 0.01632237434387207]
[1586, 0.016482830047607422]
[1587, 0.01634836196899414]
[1588, 0.016489267349243164]
[1589, 0.016216516494750977]
[1590, 0.016437053680419922]
[1591, 0.016659259796142578]
[1592, 0.01659393310546875]
[1593, 0.01625370979309082]
[1594, 0.016559600830078125]
[1595, 0.01709151268005371]
[1596, 0.016346454620361328]
[1597, 0.016811132431030273]
[1598, 0.016914844512939453]
[1599, 0.016611337661743164]
[1600, 0.016486167907714844]
[1601, 0.016689777374267578]
[1602, 0.016720294952392578]
[1603, 0.017012357711791992]
[1604, 0.016944408416748047]
[1605, 0.016738414764404297]
[1606, 0.01665496826171875]
[1607, 0.017414569854736328]
[1608, 0.016838788986206055]
[1609, 0.016598224639892578]
[1610, 0.016848087310791016]
[1611, 0.01683640480041504]
[1612, 0.016625165939331055]
[1613, 0.016759157180786133]
[1614, 0.016896963119506836]
[1615, 0.01683497428894043]
[1616, 0.016989707946777344]
[1617, 0.01683354377746582]
[1618, 0.016808509826660156]
[1619, 0.01729416847229004]
[1620, 0.016940832138061523]
[1621, 0.01693582534790039]
[1622, 0.01726055145263672]
[1623, 0.016896486282348633]
[1624, 0.017016887664794922]
[1625, 0.017110824584960938]
[1626, 0.017523765563964844]
[1627, 0.01728653907775879]
[1628, 0.01704239845275879]
[1629, 0.017145872116088867]
[1630, 0.017305612564086914]
[1631, 0.01736617088317871]
[1632, 0.017642498016357422]
[1633, 0.017325639724731445]
[1634, 0.017464876174926758]
[1635, 0.017476320266723633]
[1636, 0.01784992218017578]
[1637, 0.017249345779418945]
[1638, 0.017435073852539062]
[1639, 0.01728653907775879]
[1640, 0.017419815063476562]
[1641, 0.017295122146606445]
[1642, 0.018944501876831055]
[1643, 0.017469167709350586]
[1644, 0.01736927032470703]
[1645, 0.017569541931152344]
[1646, 0.017452478408813477]
[1647, 0.017472028732299805]
[1648, 0.01789379119873047]
[1649, 0.01757526397705078]
[1650, 0.017579317092895508]
[1651, 0.017567873001098633]
[1652, 0.017705917358398438]
[1653, 0.017428159713745117]
[1654, 0.017642974853515625]
[1655, 0.017481565475463867]
[1656, 0.01745152473449707]
[1657, 0.01764702796936035]
[1658, 0.017624378204345703]
[1659, 0.01776742935180664]
[1660, 0.017986059188842773]
[1661, 0.017846107482910156]
[1662, 0.017841100692749023]
[1663, 0.017713308334350586]
[1664, 0.018071651458740234]
[1665, 0.01781916618347168]
[1666, 0.017814159393310547]
[1667, 0.017803192138671875]
[1668, 0.017850399017333984]
[1669, 0.01789402961730957]
[1670, 0.017804384231567383]
[1671, 0.01792621612548828]
[1672, 0.01773238182067871]
[1673, 0.018008947372436523]
[1674, 0.018182039260864258]
[1675, 0.017902135848999023]
[1676, 0.017937660217285156]
[1677, 0.017920255661010742]
[1678, 0.01812458038330078]
[1679, 0.018024444580078125]
[1680, 0.017971277236938477]
[1681, 0.018079757690429688]
[1682, 0.018082618713378906]
[1683, 0.01819586753845215]
[1684, 0.018071651458740234]
[1685, 0.018070697784423828]
[1686, 0.01809978485107422]
[1687, 0.01822209358215332]
[1688, 0.018074989318847656]
[1689, 0.020736217498779297]
[1690, 0.018170833587646484]
[1691, 0.01815652847290039]
[1692, 0.018288373947143555]
[1693, 0.01840949058532715]
[1694, 0.018347978591918945]
[1695, 0.01829051971435547]
[1696, 0.018332958221435547]
[1697, 0.018897294998168945]
[1698, 0.01874995231628418]
[1699, 0.018419981002807617]
[1700, 0.018514394760131836]
[1701, 0.018360614776611328]
[1702, 0.018520593643188477]
[1703, 0.018209218978881836]
[1704, 0.018471717834472656]
[1705, 0.018521785736083984]
[1706, 0.0183408260345459]
[1707, 0.01836872100830078]
[1708, 0.018496990203857422]
[1709, 0.018518924713134766]
[1710, 0.01861572265625]
[1711, 0.01858830451965332]
[1712, 0.018633365631103516]
[1713, 0.01883101463317871]
[1714, 0.018635272979736328]
[1715, 0.018636226654052734]
[1716, 0.018683433532714844]
[1717, 0.0187835693359375]
[1718, 0.018746614456176758]
[1719, 0.019192934036254883]
[1720, 0.018929243087768555]
[1721, 0.018715381622314453]
[1722, 0.018778324127197266]
[1723, 0.018752336502075195]
[1724, 0.019019126892089844]
[1725, 0.018857717514038086]
[1726, 0.018886089324951172]
[1727, 0.01892566680908203]
[1728, 0.019214630126953125]
[1729, 0.01903390884399414]
[1730, 0.019120216369628906]
[1731, 0.01894831657409668]
[1732, 0.019046545028686523]
[1733, 0.029331445693969727]
[1734, 0.021106243133544922]
[1735, 0.019219398498535156]
[1736, 0.019094228744506836]
[1737, 0.019204139709472656]
[1738, 0.01925373077392578]
[1739, 0.01920628547668457]
[1740, 0.019411802291870117]
[1741, 0.019755125045776367]
[1742, 0.01921558380126953]
[1743, 0.019202709197998047]
[1744, 0.0192258358001709]
[1745, 0.019200563430786133]
[1746, 0.019236326217651367]
[1747, 0.01944112777709961]
[1748, 0.019237041473388672]
[1749, 0.019327640533447266]
[1750, 0.019423246383666992]
[1751, 0.019379615783691406]
[1752, 0.019210100173950195]
[1753, 0.019486665725708008]
[1754, 0.019578933715820312]
[1755, 0.019643545150756836]
[1756, 0.0196378231048584]
[1757, 0.019642114639282227]
[1758, 0.019826173782348633]
[1759, 0.019649505615234375]
[1760, 0.020069599151611328]
[1761, 0.019940853118896484]
[1762, 0.02010345458984375]
[1763, 0.019534587860107422]
[1764, 0.019579410552978516]
[1765, 0.01972031593322754]
[1766, 0.019598960876464844]
[1767, 0.01966071128845215]
[1768, 0.019750356674194336]
[1769, 0.01983356475830078]
[1770, 0.020052194595336914]
[1771, 0.01995849609375]
[1772, 0.020020246505737305]
[1773, 0.019945859909057617]
[1774, 0.01984715461730957]
[1775, 0.01995229721069336]
[1776, 0.02014923095703125]
[1777, 0.019995927810668945]
[1778, 0.019878864288330078]
[1779, 0.01979827880859375]
[1780, 0.020300865173339844]
[1781, 0.019954919815063477]
[1782, 0.01997828483581543]
[1783, 0.020429611206054688]
[1784, 0.020288467407226562]
[1785, 0.0231626033782959]
[1786, 0.020383119583129883]
[1787, 0.020730257034301758]
[1788, 0.020192623138427734]
[1789, 0.020351648330688477]
[1790, 0.020531892776489258]
[1791, 0.02040863037109375]
[1792, 0.020175933837890625]
[1793, 0.020418167114257812]
[1794, 0.020216941833496094]
[1795, 0.020241498947143555]
[1796, 0.020114660263061523]
[1797, 0.02055954933166504]
[1798, 0.02066946029663086]
[1799, 0.02053093910217285]
[1800, 0.0203554630279541]
[1801, 0.020757198333740234]
[1802, 0.020405054092407227]
[1803, 0.020863056182861328]
[1804, 0.02057790756225586]
[1805, 0.020708799362182617]
[1806, 0.02056288719177246]
[1807, 0.020583391189575195]
[1808, 0.020726680755615234]
[1809, 0.0204923152923584]
[1810, 0.020292997360229492]
[1811, 0.020663022994995117]
[1812, 0.020552635192871094]
[1813, 0.020613908767700195]
[1814, 0.020541906356811523]
[1815, 0.020635604858398438]
[1816, 0.020980119705200195]
[1817, 0.020852088928222656]
[1818, 0.020834684371948242]
[1819, 0.020740270614624023]
[1820, 0.02056574821472168]
[1821, 0.020935773849487305]
[1822, 0.02088785171508789]
[1823, 0.020966529846191406]
[1824, 0.020557880401611328]
[1825, 0.020863056182861328]
[1826, 0.02123856544494629]
[1827, 0.020822525024414062]
[1828, 0.020878076553344727]
[1829, 0.021146297454833984]
[1830, 0.0207521915435791]
[1831, 0.020987272262573242]
[1832, 0.02095174789428711]
[1833, 0.020910024642944336]
[1834, 0.020960330963134766]
[1835, 0.020949840545654297]
[1836, 0.021109342575073242]
[1837, 0.021274805068969727]
[1838, 0.02098250389099121]
[1839, 0.02112436294555664]
[1840, 0.02134227752685547]
[1841, 0.021241188049316406]
[1842, 0.021168231964111328]
[1843, 0.021758079528808594]
[1844, 0.0216677188873291]
[1845, 0.021180152893066406]
[1846, 0.021493911743164062]
[1847, 0.020987272262573242]
[1848, 0.021130800247192383]
[1849, 0.021204471588134766]
[1850, 0.02184748649597168]
[1851, 0.02118372917175293]
[1852, 0.02123284339904785]
[1853, 0.021619796752929688]
[1854, 0.022348880767822266]
[1855, 0.02150416374206543]
[1856, 0.021665334701538086]
[1857, 0.02179741859436035]
[1858, 0.021411895751953125]
[1859, 0.021577119827270508]
[1860, 0.02167057991027832]
[1861, 0.021434783935546875]
[1862, 0.02202010154724121]
[1863, 0.02172064781188965]
[1864, 0.02177906036376953]
[1865, 0.021641969680786133]
[1866, 0.021734237670898438]
[1867, 0.022000551223754883]
[1868, 0.021864891052246094]
[1869, 0.02206254005432129]
[1870, 0.021947622299194336]
[1871, 0.021907806396484375]
[1872, 0.021803855895996094]
[1873, 0.02203655242919922]
[1874, 0.021823406219482422]
[1875, 0.021830081939697266]
[1876, 0.02200913429260254]
[1877, 0.021680593490600586]
[1878, 0.02196645736694336]
[1879, 0.02251887321472168]
[1880, 0.02221059799194336]
[1881, 0.022104978561401367]
[1882, 0.021799087524414062]
[1883, 0.022260427474975586]
[1884, 0.02225661277770996]
[1885, 0.02220630645751953]
[1886, 0.02223944664001465]
[1887, 0.022043704986572266]
[1888, 0.022585630416870117]
[1889, 0.02232646942138672]
[1890, 0.022246360778808594]
[1891, 0.02239537239074707]
[1892, 0.0265045166015625]
[1893, 0.027690649032592773]
[1894, 0.02238297462463379]
[1895, 0.022168636322021484]
[1896, 0.022356033325195312]
[1897, 0.022330522537231445]
[1898, 0.022357940673828125]
[1899, 0.02285599708557129]
[1900, 0.02232837677001953]
[1901, 0.022839784622192383]
[1902, 0.022866487503051758]
[1903, 0.022583723068237305]
[1904, 0.02251911163330078]
[1905, 0.0226593017578125]
[1906, 0.022406578063964844]
[1907, 0.0227963924407959]
[1908, 0.022792339324951172]
[1909, 0.022980690002441406]
[1910, 0.02256035804748535]
[1911, 0.022676706314086914]
[1912, 0.02252030372619629]
[1913, 0.02262139320373535]
[1914, 0.02272772789001465]
[1915, 0.02293109893798828]
[1916, 0.022483348846435547]
[1917, 0.023152828216552734]
[1918, 0.023029804229736328]
[1919, 0.022855758666992188]
[1920, 0.022655963897705078]
[1921, 0.022721052169799805]
[1922, 0.022832870483398438]
[1923, 0.022611141204833984]
[1924, 0.023268938064575195]
[1925, 0.023175477981567383]
[1926, 0.022883176803588867]
[1927, 0.022938966751098633]
[1928, 0.024082422256469727]
[1929, 0.0240170955657959]
[1930, 0.022844791412353516]
[1931, 0.02291584014892578]
[1932, 0.023031949996948242]
[1933, 0.02323770523071289]
[1934, 0.023180484771728516]
[1935, 0.024193286895751953]
[1936, 0.023240327835083008]
[1937, 0.023227453231811523]
[1938, 0.02330803871154785]
[1939, 0.023674964904785156]
[1940, 0.023593664169311523]
[1941, 0.0235903263092041]
[1942, 0.023270845413208008]
[1943, 0.023387670516967773]
[1944, 0.02347397804260254]
[1945, 0.023555278778076172]
[1946, 0.023456096649169922]
[1947, 0.025066614151000977]
[1948, 0.023672103881835938]
[1949, 0.023476123809814453]
[1950, 0.023499488830566406]
[1951, 0.02375006675720215]
[1952, 0.02386474609375]
[1953, 0.023782968521118164]
[1954, 0.023642539978027344]
[1955, 0.023928165435791016]
[1956, 0.023808717727661133]
[1957, 0.023871183395385742]
[1958, 0.023854732513427734]
[1959, 0.02423572540283203]
[1960, 0.023671388626098633]
[1961, 0.024159669876098633]
[1962, 0.024353742599487305]
[1963, 0.024210453033447266]
[1964, 0.0237123966217041]
[1965, 0.024102449417114258]
[1966, 0.023741483688354492]
[1967, 0.02399611473083496]
[1968, 0.024161577224731445]
[1969, 0.023914575576782227]
[1970, 0.02431774139404297]
[1971, 0.024061203002929688]
[1972, 0.024060487747192383]
[1973, 0.023783445358276367]
[1974, 0.024004220962524414]
[1975, 0.0242459774017334]
[1976, 0.023746490478515625]
[1977, 0.02401447296142578]
[1978, 0.024334192276000977]
[1979, 0.024417400360107422]
[1980, 0.0241849422454834]
[1981, 0.02409052848815918]
[1982, 0.024074792861938477]
[1983, 0.0242769718170166]
[1984, 0.02427506446838379]
[1985, 0.02451324462890625]
[1986, 0.024142026901245117]
[1987, 0.024581193923950195]
[1988, 0.024660110473632812]
[1989, 0.02443861961364746]
[1990, 0.024243593215942383]
[1991, 0.0245668888092041]
[1992, 0.024545907974243164]
[1993, 0.024171113967895508]
[1994, 0.02485942840576172]
[1995, 0.024854660034179688]
[1996, 0.024269819259643555]
[1997, 0.024605751037597656]
[1998, 0.02503800392150879]
[1999, 0.025225162506103516]
[2000, 0.024576902389526367]
[2001, 0.024790287017822266]
[2002, 0.024707794189453125]
[2003, 0.024788856506347656]
[2004, 0.024796009063720703]
[2005, 0.025167226791381836]
[2006, 0.02485036849975586]
[2007, 0.025014162063598633]
[2008, 0.024936199188232422]
[2009, 0.025096416473388672]
[2010, 0.024845123291015625]
[2011, 0.02477717399597168]
[2012, 0.02489161491394043]
[2013, 0.024861812591552734]
[2014, 0.025057077407836914]
[2015, 0.02493143081665039]
[2016, 0.024784564971923828]
[2017, 0.025199413299560547]
[2018, 0.024968624114990234]
[2019, 0.02517247200012207]
[2020, 0.0250394344329834]
[2021, 0.02513289451599121]
[2022, 0.02529597282409668]
[2023, 0.025228261947631836]
[2024, 0.025104522705078125]
[2025, 0.025190114974975586]
[2026, 0.02499222755432129]
[2027, 0.025237560272216797]
[2028, 0.025129318237304688]
[2029, 0.02507328987121582]
[2030, 0.025045156478881836]
[2031, 0.025190114974975586]
[2032, 0.025671005249023438]
[2033, 0.025144338607788086]
[2034, 0.02516484260559082]
[2035, 0.02535414695739746]
[2036, 0.02536916732788086]
[2037, 0.02521657943725586]
[2038, 0.025580406188964844]
[2039, 0.02520442008972168]
[2040, 0.025307178497314453]
[2041, 0.025415897369384766]
[2042, 0.025403261184692383]
[2043, 0.02537703514099121]
[2044, 0.02555251121520996]
[2045, 0.025423765182495117]
[2046, 0.02541637420654297]
[2047, 0.025455951690673828]
[2048, 0.025490522384643555]
[2049, 0.02554011344909668]
[2050, 0.025569677352905273]
[2051, 0.025704145431518555]
[2052, 0.025859832763671875]
[2053, 0.025513410568237305]
[2054, 0.02593851089477539]
[2055, 0.02573418617248535]
[2056, 0.025803089141845703]
[2057, 0.02596116065979004]
[2058, 0.025465965270996094]
[2059, 0.025925874710083008]
[2060, 0.025995731353759766]
[2061, 0.0260009765625]
[2062, 0.02570796012878418]
[2063, 0.026067495346069336]
[2064, 0.026163578033447266]
[2065, 0.026166200637817383]
[2066, 0.02576613426208496]
[2067, 0.026132583618164062]
[2068, 0.02634263038635254]
[2069, 0.026136398315429688]
[2070, 0.026085615158081055]
[2071, 0.02635025978088379]
[2072, 0.026532411575317383]
[2073, 0.026354551315307617]
[2074, 0.025975942611694336]
[2075, 0.026323318481445312]
[2076, 0.0259554386138916]
[2077, 0.0265347957611084]
[2078, 0.02614307403564453]
[2079, 0.02631855010986328]
[2080, 0.025997400283813477]
[2081, 0.026354312896728516]
[2082, 0.026465177536010742]
[2083, 0.026351451873779297]
[2084, 0.02647233009338379]
[2085, 0.02643871307373047]
[2086, 0.026409387588500977]
[2087, 0.02658367156982422]
[2088, 0.026833534240722656]
[2089, 0.02683091163635254]
[2090, 0.026548147201538086]
[2091, 0.026470422744750977]
[2092, 0.02653217315673828]
[2093, 0.027202606201171875]
[2094, 0.026708602905273438]
[2095, 0.026747703552246094]
[2096, 0.026825428009033203]
[2097, 0.02680063247680664]
[2098, 0.026812314987182617]
[2099, 0.02714085578918457]
[2100, 0.026767253875732422]
[2101, 0.026836872100830078]
[2102, 0.02695441246032715]
[2103, 0.02703547477722168]
[2104, 0.0268247127532959]
[2105, 0.02690911293029785]
[2106, 0.0267484188079834]
[2107, 0.027170658111572266]
[2108, 0.02679443359375]
[2109, 0.02698206901550293]
[2110, 0.02757740020751953]
[2111, 0.0271604061126709]
[2112, 0.026966333389282227]
[2113, 0.027036666870117188]
[2114, 0.02732110023498535]
[2115, 0.027091264724731445]
[2116, 0.026955842971801758]
[2117, 0.027332067489624023]
[2118, 0.02746129035949707]
[2119, 0.0274660587310791]
[2120, 0.027195453643798828]
[2121, 0.027527570724487305]
[2122, 0.02739429473876953]
[2123, 0.027758121490478516]
[2124, 0.028233051300048828]
[2125, 0.0274505615234375]
[2126, 0.028103351593017578]
[2127, 0.02763843536376953]
[2128, 0.02787303924560547]
[2129, 0.027408599853515625]
[2130, 0.027833938598632812]
[2131, 0.02777409553527832]
[2132, 0.0277099609375]
[2133, 0.027592897415161133]
[2134, 0.028141260147094727]
[2135, 0.02803325653076172]
[2136, 0.027797460556030273]
[2137, 0.02758955955505371]
[2138, 0.02802300453186035]
[2139, 0.02803206443786621]
[2140, 0.02781367301940918]
[2141, 0.027929306030273438]
[2142, 0.027832508087158203]
[2143, 0.027774333953857422]
[2144, 0.027923107147216797]
[2145, 0.027657508850097656]
[2146, 0.027872085571289062]
[2147, 0.02774357795715332]
[2148, 0.02797675132751465]
[2149, 0.027829885482788086]
[2150, 0.027900218963623047]
[2151, 0.027765274047851562]
[2152, 0.028052330017089844]
[2153, 0.027678251266479492]
[2154, 0.02779364585876465]
[2155, 0.02822589874267578]
[2156, 0.028045654296875]
[2157, 0.028190135955810547]
[2158, 0.027925729751586914]
[2159, 0.02800583839416504]
[2160, 0.028277873992919922]
[2161, 0.028056621551513672]
[2162, 0.028104305267333984]
[2163, 0.028020858764648438]
[2164, 0.028247356414794922]
[2165, 0.028521060943603516]
[2166, 0.028501033782958984]
[2167, 0.028130054473876953]
[2168, 0.028425216674804688]
[2169, 0.028502941131591797]
[2170, 0.028560638427734375]
[2171, 0.028278112411499023]
[2172, 0.02852630615234375]
[2173, 0.02852463722229004]
[2174, 0.028871536254882812]
[2175, 0.028810739517211914]
[2176, 0.028831958770751953]
[2177, 0.02826857566833496]
[2178, 0.028293848037719727]
[2179, 0.028420448303222656]
[2180, 0.02837824821472168]
[2181, 0.028614282608032227]
[2182, 0.028467655181884766]
[2183, 0.028665781021118164]
[2184, 0.028633594512939453]
[2185, 0.02864861488342285]
[2186, 0.028430461883544922]
[2187, 0.028649091720581055]
[2188, 0.03057098388671875]
[2189, 0.029120206832885742]
[2190, 0.029190778732299805]
[2191, 0.02886676788330078]
[2192, 0.029531002044677734]
[2193, 0.029363393783569336]
[2194, 0.02948594093322754]
[2195, 0.02905416488647461]
[2196, 0.029268264770507812]
[2197, 0.029794692993164062]
[2198, 0.029201269149780273]
[2199, 0.029317855834960938]
[2200, 0.02949237823486328]
[2201, 0.029349565505981445]
[2202, 0.029345989227294922]
[2203, 0.029328584671020508]
[2204, 0.029438495635986328]
[2205, 0.029205322265625]
[2206, 0.029569387435913086]
[2207, 0.029582500457763672]
[2208, 0.02977466583251953]
[2209, 0.029777050018310547]
[2210, 0.02968120574951172]
[2211, 0.029630661010742188]
[2212, 0.02927398681640625]
[2213, 0.029793977737426758]
[2214, 0.02937173843383789]
[2215, 0.029442548751831055]
[2216, 0.029600858688354492]
[2217, 0.03046560287475586]
[2218, 0.029610395431518555]
[2219, 0.029649019241333008]
[2220, 0.02940535545349121]
[2221, 0.02959752082824707]
[2222, 0.02933526039123535]
[2223, 0.02961277961730957]
[2224, 0.029562711715698242]
[2225, 0.029496192932128906]
[2226, 0.029841184616088867]
[2227, 0.029566049575805664]
[2228, 0.029601573944091797]
[2229, 0.029488801956176758]
[2230, 0.03000664710998535]
[2231, 0.02975749969482422]
[2232, 0.02992987632751465]
[2233, 0.030081987380981445]
[2234, 0.029984474182128906]
[2235, 0.030204057693481445]
[2236, 0.029825210571289062]
[2237, 0.030291080474853516]
[2238, 0.029973268508911133]
[2239, 0.030060768127441406]
[2240, 0.029990673065185547]
[2241, 0.030167818069458008]
[2242, 0.029961109161376953]
[2243, 0.03045487403869629]
[2244, 0.03030991554260254]
[2245, 0.030186176300048828]
[2246, 0.03027653694152832]
[2247, 0.030465364456176758]
[2248, 0.030332565307617188]
[2249, 0.030755996704101562]
[2250, 0.03048253059387207]
[2251, 0.030706167221069336]
[2252, 0.030130863189697266]
[2253, 0.03063821792602539]
[2254, 0.03036355972290039]
[2255, 0.03081822395324707]
[2256, 0.030382394790649414]
[2257, 0.03056788444519043]
[2258, 0.03043222427368164]
[2259, 0.031435489654541016]
[2260, 0.03062725067138672]
[2261, 0.03070235252380371]
[2262, 0.03058004379272461]
[2263, 0.030976533889770508]
[2264, 0.03063035011291504]
[2265, 0.031461477279663086]
[2266, 0.030742168426513672]
[2267, 0.03125309944152832]
[2268, 0.03072047233581543]
[2269, 0.03225564956665039]
[2270, 0.030612468719482422]
[2271, 0.03135800361633301]
[2272, 0.03099799156188965]
[2273, 0.03162741661071777]
[2274, 0.03257036209106445]
[2275, 0.031189441680908203]
[2276, 0.031061410903930664]
[2277, 0.031158447265625]
[2278, 0.031090259552001953]
[2279, 0.032064199447631836]
[2280, 0.03133726119995117]
[2281, 0.031248807907104492]
[2282, 0.03130936622619629]
[2283, 0.031027793884277344]
[2284, 0.03198552131652832]
[2285, 0.03144407272338867]
[2286, 0.03137993812561035]
[2287, 0.031096220016479492]
[2288, 0.03144645690917969]
[2289, 0.031208038330078125]
[2290, 0.0316162109375]
[2291, 0.03129100799560547]
[2292, 0.03232455253601074]
[2293, 0.03116440773010254]
[2294, 0.03171396255493164]
[2295, 0.03136587142944336]
[2296, 0.03189492225646973]
[2297, 0.03129005432128906]
[2298, 0.032176971435546875]
[2299, 0.031615495681762695]
[2300, 0.031838178634643555]
[2301, 0.031569480895996094]
[2302, 0.032457590103149414]
[2303, 0.03225398063659668]
[2304, 0.03200531005859375]
[2305, 0.031805992126464844]
[2306, 0.0321955680847168]
[2307, 0.03167080879211426]
[2308, 0.031792640686035156]
[2309, 0.03150582313537598]
[2310, 0.03189563751220703]
[2311, 0.031688690185546875]
[2312, 0.03213691711425781]
[2313, 0.031949520111083984]
[2314, 0.03196454048156738]
[2315, 0.031772613525390625]
[2316, 0.03204154968261719]
[2317, 0.03220009803771973]
[2318, 0.03218269348144531]
[2319, 0.03213667869567871]
[2320, 0.03247261047363281]
[2321, 0.032598257064819336]
[2322, 0.032988548278808594]
[2323, 0.03251910209655762]
[2324, 0.0325474739074707]
[2325, 0.03267240524291992]
[2326, 0.032991886138916016]
[2327, 0.03238558769226074]
[2328, 0.034622907638549805]
[2329, 0.03291130065917969]
[2330, 0.033159732818603516]
[2331, 0.03259158134460449]
[2332, 0.03255057334899902]
[2333, 0.03294968605041504]
[2334, 0.03233909606933594]
[2335, 0.03265643119812012]
[2336, 0.032572031021118164]
[2337, 0.03275632858276367]
[2338, 0.032526493072509766]
[2339, 0.032392263412475586]
[2340, 0.03261089324951172]
[2341, 0.03259873390197754]
[2342, 0.03260207176208496]
[2343, 0.03266334533691406]
[2344, 0.03278160095214844]
[2345, 0.03247976303100586]
[2346, 0.032845497131347656]
[2347, 0.0328218936920166]
[2348, 0.03328251838684082]
[2349, 0.03281688690185547]
[2350, 0.03292560577392578]
[2351, 0.032987117767333984]
[2352, 0.03293442726135254]
[2353, 0.03290390968322754]
[2354, 0.03389573097229004]
[2355, 0.033242225646972656]
[2356, 0.03346681594848633]
[2357, 0.033295392990112305]
[2358, 0.033599853515625]
[2359, 0.033388614654541016]
[2360, 0.03378891944885254]
[2361, 0.03294110298156738]
[2362, 0.033490657806396484]
[2363, 0.03345036506652832]
[2364, 0.03357577323913574]
[2365, 0.033327341079711914]
[2366, 0.033349037170410156]
[2367, 0.033487558364868164]
[2368, 0.03346657752990723]
[2369, 0.03348135948181152]
[2370, 0.03333616256713867]
[2371, 0.03323817253112793]
[2372, 0.03397965431213379]
[2373, 0.03336048126220703]
[2374, 0.034021615982055664]
[2375, 0.03372359275817871]
[2376, 0.034148454666137695]
[2377, 0.03376030921936035]
[2378, 0.033769845962524414]
[2379, 0.03444337844848633]
[2380, 0.034101009368896484]
[2381, 0.033905744552612305]
[2382, 0.03401327133178711]
[2383, 0.0340266227722168]
[2384, 0.03442740440368652]
[2385, 0.033722877502441406]
[2386, 0.03436112403869629]
[2387, 0.03406071662902832]
[2388, 0.03422951698303223]
[2389, 0.03369402885437012]
[2390, 0.034210205078125]
[2391, 0.033815860748291016]
[2392, 0.03419208526611328]
[2393, 0.0340576171875]
[2394, 0.03425240516662598]
[2395, 0.03404688835144043]
[2396, 0.03432154655456543]
[2397, 0.03475141525268555]
[2398, 0.03434109687805176]
[2399, 0.03415083885192871]
[2400, 0.03447890281677246]
[2401, 0.0346217155456543]
[2402, 0.034307003021240234]
[2403, 0.0344085693359375]
[2404, 0.03448843955993652]
[2405, 0.03502011299133301]
[2406, 0.03413057327270508]
[2407, 0.03481578826904297]
[2408, 0.03442072868347168]
[2409, 0.035329580307006836]
[2410, 0.034230947494506836]
[2411, 0.03699302673339844]
[2412, 0.03431415557861328]
[2413, 0.034926652908325195]
[2414, 0.03473925590515137]
[2415, 0.03486275672912598]
[2416, 0.03455042839050293]
[2417, 0.03488421440124512]
[2418, 0.034659385681152344]
[2419, 0.034995317459106445]
[2420, 0.034401655197143555]
[2421, 0.03502154350280762]
[2422, 0.03548121452331543]
[2423, 0.03498530387878418]
[2424, 0.034841299057006836]
[2425, 0.0354609489440918]
[2426, 0.03686094284057617]
[2427, 0.03528261184692383]
[2428, 0.03497719764709473]
[2429, 0.03549957275390625]
[2430, 0.03484845161437988]
[2431, 0.0350797176361084]
[2432, 0.03484630584716797]
[2433, 0.03541207313537598]
[2434, 0.03536343574523926]
[2435, 0.03545379638671875]
[2436, 0.035184383392333984]
[2437, 0.0356295108795166]
[2438, 0.035089731216430664]
[2439, 0.035524845123291016]
[2440, 0.03497934341430664]
[2441, 0.03640413284301758]
[2442, 0.035150766372680664]
[2443, 0.03580188751220703]
[2444, 0.03516507148742676]
[2445, 0.035806894302368164]
[2446, 0.03582906723022461]
[2447, 0.035880327224731445]
[2448, 0.03527951240539551]
[2449, 0.03586268424987793]
[2450, 0.03544807434082031]
[2451, 0.03574180603027344]
[2452, 0.03543734550476074]
[2453, 0.03614044189453125]
[2454, 0.03538656234741211]
[2455, 0.03559136390686035]
[2456, 0.03565835952758789]
[2457, 0.03631138801574707]
[2458, 0.036234140396118164]
[2459, 0.03629636764526367]
[2460, 0.03570389747619629]
[2461, 0.036327362060546875]
[2462, 0.035744667053222656]
[2463, 0.03647899627685547]
[2464, 0.03570723533630371]
[2465, 0.03610396385192871]
[2466, 0.03586101531982422]
[2467, 0.03616499900817871]
[2468, 0.03606867790222168]
[2469, 0.03654289245605469]
[2470, 0.03677535057067871]
[2471, 0.036071062088012695]
[2472, 0.03605985641479492]
[2473, 0.03654789924621582]
[2474, 0.03642010688781738]
[2475, 0.036829233169555664]
[2476, 0.03629803657531738]
[2477, 0.03665590286254883]
[2478, 0.03724336624145508]
[2479, 0.03643155097961426]
[2480, 0.03670501708984375]
[2481, 0.0369873046875]
[2482, 0.037200212478637695]
[2483, 0.036934614181518555]
[2484, 0.036376953125]
[2485, 0.03691911697387695]
[2486, 0.036991119384765625]
[2487, 0.03660011291503906]
[2488, 0.03645634651184082]
[2489, 0.03666281700134277]
[2490, 0.03678727149963379]
[2491, 0.03675436973571777]
[2492, 0.03722429275512695]
[2493, 0.03692173957824707]
[2494, 0.036798954010009766]
[2495, 0.03695416450500488]
[2496, 0.03711557388305664]
[2497, 0.03731942176818848]
[2498, 0.03688526153564453]
[2499, 0.037642478942871094]
[2500, 0.03688669204711914]
[2501, 0.03749895095825195]
[2502, 0.03714275360107422]
[2503, 0.03736114501953125]
[2504, 0.03729963302612305]
[2505, 0.03713369369506836]
[2506, 0.037695884704589844]
[2507, 0.0370638370513916]
[2508, 0.036969900131225586]
[2509, 0.03718829154968262]
[2510, 0.03744840621948242]
[2511, 0.0373077392578125]
[2512, 0.03721308708190918]
[2513, 0.03730511665344238]
[2514, 0.03740119934082031]
[2515, 0.03731942176818848]
[2516, 0.037554025650024414]
[2517, 0.03773784637451172]
[2518, 0.037371158599853516]
[2519, 0.03732705116271973]
[2520, 0.037630319595336914]
[2521, 0.037413597106933594]
[2522, 0.03739476203918457]
[2523, 0.03733372688293457]
[2524, 0.037502288818359375]
[2525, 0.03763318061828613]
[2526, 0.038126468658447266]
[2527, 0.03764057159423828]
[2528, 0.03751873970031738]
[2529, 0.038329362869262695]
[2530, 0.037674903869628906]
[2531, 0.03773236274719238]
[2532, 0.03771185874938965]
[2533, 0.0377659797668457]
[2534, 0.037767887115478516]
[2535, 0.037782907485961914]
[2536, 0.037909507751464844]
[2537, 0.037904977798461914]
[2538, 0.037757158279418945]
[2539, 0.03786659240722656]
[2540, 0.03856849670410156]
[2541, 0.038779497146606445]
[2542, 0.038970947265625]
[2543, 0.03854537010192871]
[2544, 0.03883838653564453]
[2545, 0.038829803466796875]
[2546, 0.03879809379577637]
[2547, 0.03924083709716797]
[2548, 0.039077043533325195]
[2549, 0.038477420806884766]
[2550, 0.0390932559967041]
[2551, 0.038915395736694336]
[2552, 0.038648366928100586]
[2553, 0.039061784744262695]
[2554, 0.03924989700317383]
[2555, 0.03858160972595215]
[2556, 0.03931379318237305]
[2557, 0.03880882263183594]
[2558, 0.03900957107543945]
[2559, 0.03928852081298828]
[2560, 0.039479732513427734]
[2561, 0.03891110420227051]
[2562, 0.039862632751464844]
[2563, 0.03883099555969238]
[2564, 0.03900003433227539]
[2565, 0.038487911224365234]
[2566, 0.03909492492675781]
[2567, 0.03881955146789551]
[2568, 0.03932595252990723]
[2569, 0.03896307945251465]
[2570, 0.0394899845123291]
[2571, 0.038572072982788086]
[2572, 0.03900003433227539]
[2573, 0.03888058662414551]
[2574, 0.039252281188964844]
[2575, 0.03868246078491211]
[2576, 0.03920149803161621]
[2577, 0.038860321044921875]
[2578, 0.03922295570373535]
[2579, 0.03904008865356445]
[2580, 0.039199113845825195]
[2581, 0.03912639617919922]
[2582, 0.0392153263092041]
[2583, 0.03905797004699707]
[2584, 0.03930187225341797]
[2585, 0.03929924964904785]
[2586, 0.039426326751708984]
[2587, 0.039409637451171875]
[2588, 0.03930497169494629]
[2589, 0.03958559036254883]
[2590, 0.039542198181152344]
[2591, 0.03906702995300293]
[2592, 0.039226531982421875]
[2593, 0.03938174247741699]
[2594, 0.03932929039001465]
[2595, 0.039495229721069336]
[2596, 0.03949165344238281]
[2597, 0.03931856155395508]
[2598, 0.03956770896911621]
[2599, 0.03993821144104004]
[2600, 0.03941226005554199]
[2601, 0.03975844383239746]
[2602, 0.04166841506958008]
[2603, 0.039705753326416016]
[2604, 0.03988289833068848]
[2605, 0.039832115173339844]
[2606, 0.040190935134887695]
[2607, 0.03998708724975586]
[2608, 0.03974294662475586]
[2609, 0.04011988639831543]
[2610, 0.04060173034667969]
[2611, 0.040164947509765625]
[2612, 0.039975643157958984]
[2613, 0.042717933654785156]
[2614, 0.04010319709777832]
[2615, 0.0401301383972168]
[2616, 0.04022073745727539]
[2617, 0.04012751579284668]
[2618, 0.03999471664428711]
[2619, 0.04031658172607422]
[2620, 0.04022979736328125]
[2621, 0.04042625427246094]
[2622, 0.0409245491027832]
[2623, 0.04042530059814453]
[2624, 0.040244102478027344]
[2625, 0.04014110565185547]
[2626, 0.040381431579589844]
[2627, 0.04067206382751465]
[2628, 0.04069805145263672]
[2629, 0.04033255577087402]
[2630, 0.04006457328796387]
[2631, 0.04048633575439453]
[2632, 0.04052114486694336]
[2633, 0.040624141693115234]
[2634, 0.04070472717285156]
[2635, 0.041927337646484375]
[2636, 0.041227102279663086]
[2637, 0.04092121124267578]
[2638, 0.04111075401306152]
[2639, 0.04105377197265625]
[2640, 0.04105210304260254]
[2641, 0.04137110710144043]
[2642, 0.04139876365661621]
[2643, 0.04124641418457031]
[2644, 0.0409698486328125]
[2645, 0.04133486747741699]
[2646, 0.04131054878234863]
[2647, 0.041320085525512695]
[2648, 0.04124283790588379]
[2649, 0.04103732109069824]
[2650, 0.041342973709106445]
[2651, 0.04158210754394531]
[2652, 0.04172945022583008]
[2653, 0.04179883003234863]
[2654, 0.041696786880493164]
[2655, 0.04118180274963379]
[2656, 0.04235649108886719]
[2657, 0.04141855239868164]
[2658, 0.041797637939453125]
[2659, 0.041787147521972656]
[2660, 0.04153037071228027]
[2661, 0.04184770584106445]
[2662, 0.04199957847595215]
[2663, 0.042078495025634766]
[2664, 0.04150795936584473]
[2665, 0.04169940948486328]
[2666, 0.0413203239440918]
[2667, 0.04164838790893555]
[2668, 0.041877031326293945]
[2669, 0.04175543785095215]
[2670, 0.042594194412231445]
[2671, 0.041951894760131836]
[2672, 0.04201626777648926]
[2673, 0.04184842109680176]
[2674, 0.04217410087585449]
[2675, 0.04246020317077637]
[2676, 0.042542219161987305]
[2677, 0.042154550552368164]
[2678, 0.04223012924194336]
[2679, 0.04239344596862793]
[2680, 0.043076515197753906]
[2681, 0.042315006256103516]
[2682, 0.04226374626159668]
[2683, 0.042098045349121094]
[2684, 0.04277372360229492]
[2685, 0.04258561134338379]
[2686, 0.04217815399169922]
[2687, 0.04239010810852051]
[2688, 0.04242086410522461]
[2689, 0.04262804985046387]
[2690, 0.042794227600097656]
[2691, 0.0424196720123291]
[2692, 0.0426020622253418]
[2693, 0.0426938533782959]
[2694, 0.04309988021850586]
[2695, 0.04218649864196777]
[2696, 0.04278302192687988]
[2697, 0.04293704032897949]
[2698, 0.042536020278930664]
[2699, 0.0426790714263916]
[2700, 0.04333782196044922]
[2701, 0.043126583099365234]
[2702, 0.04235029220581055]
[2703, 0.043021202087402344]
[2704, 0.0426783561706543]
[2705, 0.04264688491821289]
[2706, 0.04284238815307617]
[2707, 0.04292893409729004]
[2708, 0.042877197265625]
[2709, 0.04264497756958008]
[2710, 0.04295158386230469]
[2711, 0.04369759559631348]
[2712, 0.042900800704956055]
[2713, 0.04368329048156738]
[2714, 0.04300189018249512]
[2715, 0.04278135299682617]
[2716, 0.0426630973815918]
[2717, 0.05049729347229004]
[2718, 0.07024717330932617]
[2719, 0.06970715522766113]
[2720, 0.057343482971191406]
[2721, 0.061376094818115234]
[2722, 0.044030189514160156]
[2723, 0.0442047119140625]
[2724, 0.04378032684326172]
[2725, 0.04364585876464844]
[2726, 0.04369521141052246]
[2727, 0.04395484924316406]
[2728, 0.043683528900146484]
[2729, 0.04388260841369629]
[2730, 0.044432878494262695]
[2731, 0.043926239013671875]
[2732, 0.0443110466003418]
[2733, 0.044536590576171875]
[2734, 0.04452967643737793]
[2735, 0.04454922676086426]
[2736, 0.04444766044616699]
[2737, 0.04461979866027832]
[2738, 0.044425010681152344]
[2739, 0.04390358924865723]
[2740, 0.04457902908325195]
[2741, 0.044245243072509766]
[2742, 0.04575705528259277]
[2743, 0.04403233528137207]
[2744, 0.04396820068359375]
[2745, 0.04423999786376953]
[2746, 0.04454183578491211]
[2747, 0.0444178581237793]
[2748, 0.04409217834472656]
[2749, 0.044157981872558594]
[2750, 0.04406142234802246]
[2751, 0.044508934020996094]
[2752, 0.044947147369384766]
[2753, 0.044518232345581055]
[2754, 0.04489707946777344]
[2755, 0.04454398155212402]
[2756, 0.04448056221008301]
[2757, 0.044890642166137695]
[2758, 0.04444003105163574]
[2759, 0.04500460624694824]
[2760, 0.04488039016723633]
[2761, 0.04457736015319824]
[2762, 0.04478096961975098]
[2763, 0.044805288314819336]
[2764, 0.0446014404296875]
[2765, 0.04515194892883301]
[2766, 0.044722795486450195]
[2767, 0.0451197624206543]
[2768, 0.04558229446411133]
[2769, 0.04515957832336426]
[2770, 0.04516744613647461]
[2771, 0.04539322853088379]
[2772, 0.04597353935241699]
[2773, 0.0471494197845459]
[2774, 0.04624605178833008]
[2775, 0.0458528995513916]
[2776, 0.04551339149475098]
[2777, 0.04538750648498535]
[2778, 0.04572701454162598]
[2779, 0.045276641845703125]
[2780, 0.04535484313964844]
[2781, 0.0453641414642334]
[2782, 0.04494595527648926]
[2783, 0.045189619064331055]
[2784, 0.04537606239318848]
[2785, 0.045220136642456055]
[2786, 0.04539823532104492]
[2787, 0.0458831787109375]
[2788, 0.04536008834838867]
[2789, 0.04535388946533203]
[2790, 0.04566383361816406]
[2791, 0.04558873176574707]
[2792, 0.0460047721862793]
[2793, 0.045647382736206055]
[2794, 0.04606986045837402]
[2795, 0.04577493667602539]
[2796, 0.04583859443664551]
[2797, 0.045842647552490234]
[2798, 0.046013593673706055]
[2799, 0.04575324058532715]
[2800, 0.04626345634460449]
[2801, 0.04572248458862305]
[2802, 0.04603099822998047]
[2803, 0.04639554023742676]
[2804, 0.046022891998291016]
[2805, 0.0458834171295166]
[2806, 0.045822858810424805]
[2807, 0.04580283164978027]
[2808, 0.046242713928222656]
[2809, 0.04572129249572754]
[2810, 0.04592466354370117]
[2811, 0.04625582695007324]
[2812, 0.04606485366821289]
[2813, 0.04618406295776367]
[2814, 0.046350717544555664]
[2815, 0.04631614685058594]
[2816, 0.04661822319030762]
[2817, 0.04630851745605469]
[2818, 0.04648137092590332]
[2819, 0.04610753059387207]
[2820, 0.046936750411987305]
[2821, 0.04653191566467285]
[2822, 0.04628419876098633]
[2823, 0.04691600799560547]
[2824, 0.0465695858001709]
[2825, 0.04621315002441406]
[2826, 0.046877384185791016]
[2827, 0.046683311462402344]
[2828, 0.04654049873352051]
[2829, 0.04700756072998047]
[2830, 0.04663586616516113]
[2831, 0.04668092727661133]
[2832, 0.04711556434631348]
[2833, 0.0468134880065918]
[2834, 0.04674196243286133]
[2835, 0.047144412994384766]
[2836, 0.04643988609313965]
[2837, 0.0473024845123291]
[2838, 0.04693865776062012]
[2839, 0.04709219932556152]
[2840, 0.04694724082946777]
[2841, 0.04716849327087402]
[2842, 0.047167301177978516]
[2843, 0.04736804962158203]
[2844, 0.04682636260986328]
[2845, 0.047415971755981445]
[2846, 0.04702568054199219]
[2847, 0.047514915466308594]
[2848, 0.04751110076904297]
[2849, 0.048246145248413086]
[2850, 0.047659873962402344]
[2851, 0.047394752502441406]
[2852, 0.04758501052856445]
[2853, 0.04785013198852539]
[2854, 0.04772686958312988]
[2855, 0.047435760498046875]
[2856, 0.04785299301147461]
[2857, 0.04825425148010254]
[2858, 0.04824686050415039]
[2859, 0.048140525817871094]
[2860, 0.04793357849121094]
[2861, 0.048337697982788086]
[2862, 0.048291683197021484]
[2863, 0.04810285568237305]
[2864, 0.04848527908325195]
[2865, 0.04898715019226074]
[2866, 0.047896385192871094]
[2867, 0.0488896369934082]
[2868, 0.04831290245056152]
[2869, 0.0484926700592041]
[2870, 0.0485231876373291]
[2871, 0.048694610595703125]
[2872, 0.04860210418701172]
[2873, 0.04851651191711426]
[2874, 0.05227065086364746]
[2875, 0.05814003944396973]
[2876, 0.07714390754699707]
[2877, 0.07552981376647949]
[2878, 0.06814837455749512]
[2879, 0.06840658187866211]
[2880, 0.04804039001464844]
[2881, 0.048451900482177734]
[2882, 0.0487062931060791]
[2883, 0.05128622055053711]
[2884, 0.04856085777282715]
[2885, 0.04893207550048828]
[2886, 0.04856467247009277]
[2887, 0.04851508140563965]
[2888, 0.048653602600097656]
[2889, 0.05261516571044922]
[2890, 0.07596111297607422]
[2891, 0.07616257667541504]
[2892, 0.07799339294433594]
[2893, 0.07680106163024902]
[2894, 0.0498499870300293]
[2895, 0.049363136291503906]
[2896, 0.04919171333312988]
[2897, 0.048980712890625]
[2898, 0.05422329902648926]
[2899, 0.04934072494506836]
[2900, 0.0488896369934082]
[2901, 0.04920244216918945]
[2902, 0.049129486083984375]
[2903, 0.04933977127075195]
[2904, 0.04930472373962402]
[2905, 0.04923439025878906]
[2906, 0.04956197738647461]
[2907, 0.048938751220703125]
[2908, 0.04970574378967285]
[2909, 0.04924511909484863]
[2910, 0.049611806869506836]
[2911, 0.04976654052734375]
[2912, 0.04956507682800293]
[2913, 0.0495762825012207]
[2914, 0.0502164363861084]
[2915, 0.04969954490661621]
[2916, 0.061325788497924805]
[2917, 0.049640655517578125]
[2918, 0.049927473068237305]
[2919, 0.04983401298522949]
[2920, 0.0501863956451416]
[2921, 0.04946494102478027]
[2922, 0.04989147186279297]
[2923, 0.04982709884643555]
[2924, 0.04983925819396973]
[2925, 0.04989171028137207]
[2926, 0.049959421157836914]
[2927, 0.0501246452331543]
[2928, 0.05005168914794922]
