[0, 1.6689300537109375e-06]
[1, 1.430511474609375e-06]
[2, 5.4836273193359375e-06]
[3, 1.0728836059570312e-05]
[4, 1.4781951904296875e-05]
[5, 1.7642974853515625e-05]
[6, 2.0742416381835938e-05]
[7, 3.0040740966796875e-05]
[8, 2.9087066650390625e-05]
[9, 3.4332275390625e-05]
[10, 4.0531158447265625e-05]
[11, 5.1975250244140625e-05]
[12, 5.340576171875e-05]
[13, 6.961822509765625e-05]
[14, 6.437301635742188e-05]
[15, 7.581710815429688e-05]
[16, 8.106231689453125e-05]
[17, 7.796287536621094e-05]
[18, 8.797645568847656e-05]
[19, 5.6743621826171875e-05]
[20, 6.556510925292969e-05]
[21, 0.00010275840759277344]
[22, 0.00011944770812988281]
[23, 0.00012373924255371094]
[24, 0.00012564659118652344]
[25, 6.914138793945312e-05]
[26, 7.843971252441406e-05]
[27, 8.177757263183594e-05]
[28, 8.296966552734375e-05]
[29, 8.940696716308594e-05]
[30, 9.632110595703125e-05]
[31, 9.775161743164062e-05]
[32, 0.00010061264038085938]
[33, 0.00010943412780761719]
[34, 0.00017786026000976562]
[35, 0.00020384788513183594]
[36, 0.00022292137145996094]
[37, 0.00023365020751953125]
[38, 0.0002372264862060547]
[39, 0.00024199485778808594]
[40, 0.0002532005310058594]
[41, 0.0002722740173339844]
[42, 0.0002665519714355469]
[43, 0.00030112266540527344]
[44, 0.00027871131896972656]
[45, 0.0002980232238769531]
[46, 0.00029087066650390625]
[47, 0.0003094673156738281]
[48, 0.00031876564025878906]
[49, 0.00027060508728027344]
[50, 0.0003268718719482422]
[51, 0.00030303001403808594]
[52, 0.00029158592224121094]
[53, 0.00036787986755371094]
[54, 0.0003612041473388672]
[55, 0.0003364086151123047]
[56, 0.0003490447998046875]
[57, 0.0003440380096435547]
[58, 0.0003230571746826172]
[59, 0.0003724098205566406]
[60, 0.00029969215393066406]
[61, 0.0004024505615234375]
[62, 0.00043082237243652344]
[63, 0.0004477500915527344]
[64, 0.00041556358337402344]
[65, 0.00043845176696777344]
[66, 0.0004527568817138672]
[67, 0.00045490264892578125]
[68, 0.000492095947265625]
[69, 0.0004279613494873047]
[70, 0.00048041343688964844]
[71, 0.0005006790161132812]
[72, 0.00034308433532714844]
[73, 0.0005316734313964844]
[74, 0.0005402565002441406]
[75, 0.0005548000335693359]
[76, 0.0005588531494140625]
[77, 0.00038695335388183594]
[78, 0.0005772113800048828]
[79, 0.0005929470062255859]
[80, 0.0005841255187988281]
[81, 0.0005917549133300781]
[82, 0.0005438327789306641]
[83, 0.0006792545318603516]
[84, 0.0006003379821777344]
[85, 0.0006132125854492188]
[86, 0.0006153583526611328]
[87, 0.0006411075592041016]
[88, 0.0006291866302490234]
[89, 0.0006120204925537109]
[90, 0.0006222724914550781]
[91, 0.0006358623504638672]
[92, 0.0005829334259033203]
[93, 0.0004992485046386719]
[94, 0.0006537437438964844]
[95, 0.0006401538848876953]
[96, 0.0007889270782470703]
[97, 0.0006859302520751953]
[98, 0.0005693435668945312]
[99, 0.0004315376281738281]
[100, 0.00041103363037109375]
[101, 0.0004210472106933594]
[102, 0.0004222393035888672]
[103, 0.00044465065002441406]
[104, 0.0004239082336425781]
[105, 0.0004534721374511719]
[106, 0.0004336833953857422]
[107, 0.0004496574401855469]
[108, 0.0004904270172119141]
[109, 0.000469207763671875]
[110, 0.0004620552062988281]
[111, 0.0006632804870605469]
[112, 0.0008218288421630859]
[113, 0.0007276535034179688]
[114, 0.0007603168487548828]
[115, 0.0007336139678955078]
[116, 0.000732421875]
[117, 0.0007374286651611328]
[118, 0.0007622241973876953]
[119, 0.0008533000946044922]
[120, 0.0008080005645751953]
[121, 0.0007767677307128906]
[122, 0.0007350444793701172]
[123, 0.0007488727569580078]
[124, 0.0007843971252441406]
[125, 0.0007872581481933594]
[126, 0.0008184909820556641]
[127, 0.0007801055908203125]
[128, 0.0009253025054931641]
[129, 0.0008289813995361328]
[130, 0.0008118152618408203]
[131, 0.0007874965667724609]
[132, 0.0007531642913818359]
[133, 0.0008282661437988281]
[134, 0.0008294582366943359]
[135, 0.0008206367492675781]
[136, 0.0008106231689453125]
[137, 0.00084686279296875]
[138, 0.0009999275207519531]
[139, 0.000873565673828125]
[140, 0.0008635520935058594]
[141, 0.0008573532104492188]
[142, 0.0008945465087890625]
[143, 0.0010852813720703125]
[144, 0.0008718967437744141]
[145, 0.0008907318115234375]
[146, 0.0009133815765380859]
[147, 0.0008671283721923828]
[148, 0.000896453857421875]
[149, 0.0011241436004638672]
[150, 0.0008914470672607422]
[151, 0.0009016990661621094]
[152, 0.0009109973907470703]
[153, 0.0009102821350097656]
[154, 0.0009202957153320312]
[155, 0.0008966922760009766]
[156, 0.0009028911590576172]
[157, 0.0009143352508544922]
[158, 0.0011472702026367188]
[159, 0.0009500980377197266]
[160, 0.0009202957153320312]
[161, 0.0009357929229736328]
[162, 0.0009610652923583984]
[163, 0.0009284019470214844]
[164, 0.0009515285491943359]
[165, 0.0009343624114990234]
[166, 0.0009744167327880859]
[167, 0.0009572505950927734]
[168, 0.0011014938354492188]
[169, 0.000988006591796875]
[170, 0.0009770393371582031]
[171, 0.0009589195251464844]
[172, 0.0009500980377197266]
[173, 0.0009810924530029297]
[174, 0.001051187515258789]
[175, 0.00098419189453125]
[176, 0.001154184341430664]
[177, 0.001009225845336914]
[178, 0.0014040470123291016]
[179, 0.0008540153503417969]
[180, 0.0010237693786621094]
[181, 0.0010232925415039062]
[182, 0.0009944438934326172]
[183, 0.0009760856628417969]
[184, 0.001016855239868164]
[185, 0.001062154769897461]
[186, 0.0010707378387451172]
[187, 0.0011172294616699219]
[188, 0.0012707710266113281]
[189, 0.0011091232299804688]
[190, 0.001066446304321289]
[191, 0.0010881423950195312]
[192, 0.0011014938354492188]
[193, 0.0011019706726074219]
[194, 0.0010869503021240234]
[195, 0.0011348724365234375]
[196, 0.001140594482421875]
[197, 0.0011284351348876953]
[198, 0.0013058185577392578]
[199, 0.0011394023895263672]
[200, 0.001069784164428711]
[201, 0.0011034011840820312]
[202, 0.0010967254638671875]
[203, 0.0011010169982910156]
[204, 0.0010578632354736328]
[205, 0.0011022090911865234]
[206, 0.0011370182037353516]
[207, 0.0011610984802246094]
[208, 0.0017018318176269531]
[209, 0.001352548599243164]
[210, 0.0012269020080566406]
[211, 0.0011615753173828125]
[212, 0.001195669174194336]
[213, 0.001209259033203125]
[214, 0.0011820793151855469]
[215, 0.0012240409851074219]
[216, 0.0012159347534179688]
[217, 0.0014166831970214844]
[218, 0.0011339187622070312]
[219, 0.0011742115020751953]
[220, 0.0011382102966308594]
[221, 0.0011780261993408203]
[222, 0.0019373893737792969]
[223, 0.0013954639434814453]
[224, 0.0012297630310058594]
[225, 0.001219034194946289]
[226, 0.0012173652648925781]
[227, 0.0012428760528564453]
[228, 0.0019762516021728516]
[229, 0.0025658607482910156]
[230, 0.0019598007202148438]
[231, 0.002073526382446289]
[232, 0.002127408981323242]
[233, 0.0019795894622802734]
[234, 0.0012824535369873047]
[235, 0.0021276473999023438]
[236, 0.0019626617431640625]
[237, 0.0016410350799560547]
[238, 0.0012824535369873047]
[239, 0.001226663589477539]
[240, 0.0012602806091308594]
[241, 0.0012056827545166016]
[242, 0.0012333393096923828]
[243, 0.0013039112091064453]
[244, 0.0013115406036376953]
[245, 0.0012350082397460938]
[246, 0.0012383460998535156]
[247, 0.0012340545654296875]
[248, 0.001245260238647461]
[249, 0.0012409687042236328]
[250, 0.001260519027709961]
[251, 0.0012691020965576172]
[252, 0.0012454986572265625]
[253, 0.001268148422241211]
[254, 0.0012624263763427734]
[255, 0.0013015270233154297]
[256, 0.001300811767578125]
[257, 0.0012822151184082031]
[258, 0.001312255859375]
[259, 0.0013370513916015625]
[260, 0.0015494823455810547]
[261, 0.0013117790222167969]
[262, 0.0013256072998046875]
[263, 0.0013239383697509766]
[264, 0.0013506412506103516]
[265, 0.0013530254364013672]
[266, 0.0013899803161621094]
[267, 0.0013537406921386719]
[268, 0.0013778209686279297]
[269, 0.0013592243194580078]
[270, 0.0014066696166992188]
[271, 0.001369476318359375]
[272, 0.0013909339904785156]
[273, 0.0013921260833740234]
[274, 0.0014004707336425781]
[275, 0.001420736312866211]
[276, 0.0014617443084716797]
[277, 0.0014579296112060547]
[278, 0.0014238357543945312]
[279, 0.0015058517456054688]
[280, 0.0017626285552978516]
[281, 0.0027053356170654297]
[282, 0.0016410350799560547]
[283, 0.0015118122100830078]
[284, 0.0019207000732421875]
[285, 0.0015103816986083984]
[286, 0.0015306472778320312]
[287, 0.0014913082122802734]
[288, 0.0015120506286621094]
[289, 0.001672506332397461]
[290, 0.0015354156494140625]
[291, 0.0015027523040771484]
[292, 0.0015251636505126953]
[293, 0.0018684864044189453]
[294, 0.001588582992553711]
[295, 0.001573324203491211]
[296, 0.0016486644744873047]
[297, 0.0016214847564697266]
[298, 0.0015659332275390625]
[299, 0.0018186569213867188]
[300, 0.0015780925750732422]
[301, 0.0015864372253417969]
[302, 0.0015873908996582031]
[303, 0.0016143321990966797]
[304, 0.0016934871673583984]
[305, 0.0016341209411621094]
[306, 0.0016460418701171875]
[307, 0.001646280288696289]
[308, 0.0016624927520751953]
[309, 0.0018053054809570312]
[310, 0.0016326904296875]
[311, 0.001646280288696289]
[312, 0.0016927719116210938]
[313, 0.0016558170318603516]
[314, 0.0016846656799316406]
[315, 0.0017468929290771484]
[316, 0.0016891956329345703]
[317, 0.0017614364624023438]
[318, 0.0018455982208251953]
[319, 0.001756429672241211]
[320, 0.0017094612121582031]
[321, 0.001741170883178711]
[322, 0.0017778873443603516]
[323, 0.0017070770263671875]
[324, 0.0017971992492675781]
[325, 0.0017464160919189453]
[326, 0.001753091812133789]
[327, 0.0017693042755126953]
[328, 0.001970052719116211]
[329, 0.00176239013671875]
[330, 0.0017824172973632812]
[331, 0.001794576644897461]
[332, 0.0017521381378173828]
[333, 0.0018265247344970703]
[334, 0.001786947250366211]
[335, 0.0018219947814941406]
[336, 0.0017948150634765625]
[337, 0.0019314289093017578]
[338, 0.0018267631530761719]
[339, 0.0018489360809326172]
[340, 0.0018184185028076172]
[341, 0.0018579959869384766]
[342, 0.0018515586853027344]
[343, 0.0018918514251708984]
[344, 0.0018558502197265625]
[345, 0.0018663406372070312]
[346, 0.0018889904022216797]
[347, 0.0018966197967529297]
[348, 0.0019490718841552734]
[349, 0.0018987655639648438]
[350, 0.001978158950805664]
[351, 0.001981973648071289]
[352, 0.001905679702758789]
[353, 0.0019316673278808594]
[354, 0.0019159317016601562]
[355, 0.001975536346435547]
[356, 0.0019412040710449219]
[357, 0.0020971298217773438]
[358, 0.0019941329956054688]
[359, 0.0019686222076416016]
[360, 0.0019333362579345703]
[361, 0.0019865036010742188]
[362, 0.0020079612731933594]
[363, 0.002018451690673828]
[364, 0.001992464065551758]
[365, 0.0019941329956054688]
[366, 0.002065420150756836]
[367, 0.0020372867584228516]
[368, 0.0019876956939697266]
[369, 0.0020465850830078125]
[370, 0.0020241737365722656]
[371, 0.0020270347595214844]
[372, 0.0021538734436035156]
[373, 0.002243518829345703]
[374, 0.002081632614135742]
[375, 0.0022203922271728516]
[376, 0.002118825912475586]
[377, 0.0020554065704345703]
[378, 0.0020902156829833984]
[379, 0.002099275588989258]
[380, 0.002105236053466797]
[381, 0.002194643020629883]
[382, 0.0022706985473632812]
[383, 0.0021643638610839844]
[384, 0.002117156982421875]
[385, 0.002118349075317383]
[386, 0.0022270679473876953]
[387, 0.0021560192108154297]
[388, 0.0021524429321289062]
[389, 0.0021865367889404297]
[390, 0.002183198928833008]
[391, 0.0022988319396972656]
[392, 0.0021784305572509766]
[393, 0.002259492874145508]
[394, 0.00213623046875]
[395, 0.0022809505462646484]
[396, 0.0022826194763183594]
[397, 0.002309083938598633]
[398, 0.002222299575805664]
[399, 0.0022437572479248047]
[400, 0.0022742748260498047]
[401, 0.002330780029296875]
[402, 0.0023381710052490234]
[403, 0.0023577213287353516]
[404, 0.002265453338623047]
[405, 0.003256082534790039]
[406, 0.0022897720336914062]
[407, 0.0025796890258789062]
[408, 0.0024178028106689453]
[409, 0.002334117889404297]
[410, 0.0025739669799804688]
[411, 0.0024099349975585938]
[412, 0.0024068355560302734]
[413, 0.002454996109008789]
[414, 0.002448558807373047]
[415, 0.002432107925415039]
[416, 0.002344369888305664]
[417, 0.002364635467529297]
[418, 0.0024499893188476562]
[419, 0.0024459362030029297]
[420, 0.002443075180053711]
[421, 0.0024297237396240234]
[422, 0.002824544906616211]
[423, 0.0024766921997070312]
[424, 0.0024576187133789062]
[425, 0.0024967193603515625]
[426, 0.002583742141723633]
[427, 0.0025768280029296875]
[428, 0.0025882720947265625]
[429, 0.002528667449951172]
[430, 0.002587556838989258]
[431, 0.0025310516357421875]
[432, 0.002489328384399414]
[433, 0.0024623870849609375]
[434, 0.002458810806274414]
[435, 0.002474069595336914]
[436, 0.0024726390838623047]
[437, 0.002496480941772461]
[438, 0.0029144287109375]
[439, 0.002593517303466797]
[440, 0.0025238990783691406]
[441, 0.002543926239013672]
[442, 0.0026557445526123047]
[443, 0.0026488304138183594]
[444, 0.0026357173919677734]
[445, 0.002605915069580078]
[446, 0.0026121139526367188]
[447, 0.0026526451110839844]
[448, 0.0026655197143554688]
[449, 0.002626657485961914]
[450, 0.0026481151580810547]
[451, 0.0029404163360595703]
[452, 0.0026640892028808594]
[453, 0.002685070037841797]
[454, 0.0026557445526123047]
[455, 0.0027828216552734375]
[456, 0.002748250961303711]
[457, 0.002682209014892578]
[458, 0.0027017593383789062]
[459, 0.002710103988647461]
[460, 0.002736806869506836]
[461, 0.004007816314697266]
[462, 0.002640962600708008]
[463, 0.0026710033416748047]
[464, 0.0029981136322021484]
[465, 0.002688884735107422]
[466, 0.0026421546936035156]
[467, 0.002673625946044922]
[468, 0.002758502960205078]
[469, 0.0027048587799072266]
[470, 0.002712249755859375]
[471, 0.002715587615966797]
[472, 0.0026967525482177734]
[473, 0.0027313232421875]
[474, 0.002759218215942383]
[475, 0.002804994583129883]
[476, 0.002759218215942383]
[477, 0.002859354019165039]
[478, 0.0027637481689453125]
[479, 0.003045320510864258]
[480, 0.0027828216552734375]
[481, 0.002783536911010742]
[482, 0.002831697463989258]
[483, 0.0028009414672851562]
[484, 0.002919912338256836]
[485, 0.002821683883666992]
[486, 0.0028302669525146484]
[487, 0.0028228759765625]
[488, 0.0028562545776367188]
[489, 0.002896547317504883]
[490, 0.0028705596923828125]
[491, 0.0029430389404296875]
[492, 0.0033142566680908203]
[493, 0.0029027462005615234]
[494, 0.002869844436645508]
[495, 0.0028908252716064453]
[496, 0.0029942989349365234]
[497, 0.002908945083618164]
[498, 0.0029103755950927734]
[499, 0.0029752254486083984]
[500, 0.0029287338256835938]
[501, 0.0029387474060058594]
[502, 0.0029103755950927734]
[503, 0.002943277359008789]
[504, 0.002936124801635742]
[505, 0.0030012130737304688]
[506, 0.0031304359436035156]
[507, 0.0029778480529785156]
[508, 0.0030591487884521484]
[509, 0.0030176639556884766]
[510, 0.003004789352416992]
[511, 0.0030095577239990234]
[512, 0.003010988235473633]
[513, 0.0030515193939208984]
[514, 0.003103017807006836]
[515, 0.003082275390625]
[516, 0.0031769275665283203]
[517, 0.0031561851501464844]
[518, 0.003140687942504883]
[519, 0.0032198429107666016]
[520, 0.0035660266876220703]
[521, 0.003090381622314453]
[522, 0.003119230270385742]
[523, 0.0031342506408691406]
[524, 0.003125429153442383]
[525, 0.0031957626342773438]
[526, 0.003159761428833008]
[527, 0.003117799758911133]
[528, 0.0031654834747314453]
[529, 0.00318145751953125]
[530, 0.003175020217895508]
[531, 0.0035963058471679688]
[532, 0.00475621223449707]
[533, 0.003339529037475586]
[534, 0.003222942352294922]
[535, 0.003208160400390625]
[536, 0.0032265186309814453]
[537, 0.003238201141357422]
[538, 0.0032296180725097656]
[539, 0.003568887710571289]
[540, 0.003216266632080078]
[541, 0.003217458724975586]
[542, 0.0032455921173095703]
[543, 0.003389596939086914]
[544, 0.003409862518310547]
[545, 0.0034410953521728516]
[546, 0.0034096240997314453]
[547, 0.003307819366455078]
[548, 0.003298044204711914]
[549, 0.0034019947052001953]
[550, 0.003367185592651367]
[551, 0.0034215450286865234]
[552, 0.0033829212188720703]
[553, 0.0035028457641601562]
[554, 0.0033674240112304688]
[555, 0.0036547183990478516]
[556, 0.0033698081970214844]
[557, 0.0034465789794921875]
[558, 0.0034170150756835938]
[559, 0.0033903121948242188]
[560, 0.003415822982788086]
[561, 0.0034520626068115234]
[562, 0.003519296646118164]
[563, 0.003419160842895508]
[564, 0.003422260284423828]
[565, 0.003421306610107422]
[566, 0.003677845001220703]
[567, 0.0034682750701904297]
[568, 0.003477811813354492]
[569, 0.003564596176147461]
[570, 0.0035991668701171875]
[571, 0.003531217575073242]
[572, 0.0036013126373291016]
[573, 0.0035903453826904297]
[574, 0.0035414695739746094]
[575, 0.0035982131958007812]
[576, 0.003495931625366211]
[577, 0.0035657882690429688]
[578, 0.003523111343383789]
[579, 0.003565549850463867]
[580, 0.003539562225341797]
[581, 0.003549814224243164]
[582, 0.0036411285400390625]
[583, 0.0035610198974609375]
[584, 0.0036385059356689453]
[585, 0.003693819046020508]
[586, 0.0052449703216552734]
[587, 0.004091024398803711]
[588, 0.003690958023071289]
[589, 0.0036695003509521484]
[590, 0.0036313533782958984]
[591, 0.003763914108276367]
[592, 0.003660440444946289]
[593, 0.0036993026733398438]
[594, 0.0036950111389160156]
[595, 0.0036385059356689453]
[596, 0.003737211227416992]
[597, 0.0037050247192382812]
[598, 0.0036344528198242188]
[599, 0.003818511962890625]
[600, 0.003773927688598633]
[601, 0.0036966800689697266]
[602, 0.0039250850677490234]
[603, 0.0038225650787353516]
[604, 0.0038862228393554688]
[605, 0.003873109817504883]
[606, 0.0037872791290283203]
[607, 0.004325389862060547]
[608, 0.003782987594604492]
[609, 0.003815889358520508]
[610, 0.0037844181060791016]
[611, 0.0037827491760253906]
[612, 0.003757476806640625]
[613, 0.0038213729858398438]
[614, 0.0038640499114990234]
[615, 0.0038275718688964844]
[616, 0.00389862060546875]
[617, 0.003986835479736328]
[618, 0.0037877559661865234]
[619, 0.0038683414459228516]
[620, 0.003861665725708008]
[621, 0.003974199295043945]
[622, 0.003835439682006836]
[623, 0.003901243209838867]
[624, 0.0039026737213134766]
[625, 0.0039136409759521484]
[626, 0.003873586654663086]
[627, 0.004071950912475586]
[628, 0.004060506820678711]
[629, 0.003988504409790039]
[630, 0.004128932952880859]
[631, 0.004020214080810547]
[632, 0.004015922546386719]
[633, 0.003942966461181641]
[634, 0.004018545150756836]
[635, 0.004038810729980469]
[636, 0.004023551940917969]
[637, 0.003968477249145508]
[638, 0.004217863082885742]
[639, 0.004029512405395508]
[640, 0.004023075103759766]
[641, 0.004119873046875]
[642, 0.0040111541748046875]
[643, 0.004112958908081055]
[644, 0.0040264129638671875]
[645, 0.004262208938598633]
[646, 0.0040018558502197266]
[647, 0.004201173782348633]
[648, 0.004111528396606445]
[649, 0.004027366638183594]
[650, 0.0041964054107666016]
[651, 0.004114389419555664]
[652, 0.004149436950683594]
[653, 0.004223346710205078]
[654, 0.004147052764892578]
[655, 0.0041463375091552734]
[656, 0.004225730895996094]
[657, 0.004166126251220703]
[658, 0.004120826721191406]
[659, 0.004278898239135742]
[660, 0.004172325134277344]
[661, 0.0042040348052978516]
[662, 0.00423741340637207]
[663, 0.004392147064208984]
[664, 0.004198551177978516]
[665, 0.00422358512878418]
[666, 0.004247188568115234]
[667, 0.004238128662109375]
[668, 0.004378557205200195]
[669, 0.00452876091003418]
[670, 0.004330873489379883]
[671, 0.004312992095947266]
[672, 0.004263401031494141]
[673, 0.004317522048950195]
[674, 0.004433155059814453]
[675, 0.00449371337890625]
[676, 0.004324674606323242]
[677, 0.004418373107910156]
[678, 0.004541158676147461]
[679, 0.0043714046478271484]
[680, 0.004314422607421875]
[681, 0.0043485164642333984]
[682, 0.004330635070800781]
[683, 0.0045320987701416016]
[684, 0.00562596321105957]
[685, 0.004414796829223633]
[686, 0.004518032073974609]
[687, 0.004579067230224609]
[688, 0.0044252872467041016]
[689, 0.0044705867767333984]
[690, 0.004453182220458984]
[691, 0.004364728927612305]
[692, 0.006818532943725586]
[693, 0.004907369613647461]
[694, 0.004654645919799805]
[695, 0.005187034606933594]
[696, 0.004675865173339844]
[697, 0.0046689510345458984]
[698, 0.005089282989501953]
[699, 0.004714012145996094]
[700, 0.005235910415649414]
[701, 0.00652313232421875]
[702, 0.0046234130859375]
[703, 0.005859375]
[704, 0.004809379577636719]
[705, 0.0052030086517333984]
[706, 0.004675865173339844]
[707, 0.005952119827270508]
[708, 0.004842519760131836]
[709, 0.0057315826416015625]
[710, 0.004902362823486328]
[711, 0.004936695098876953]
[712, 0.0055694580078125]
[713, 0.004853963851928711]
[714, 0.005110979080200195]
[715, 0.004850864410400391]
[716, 0.0061299800872802734]
[717, 0.004721403121948242]
[718, 0.006113529205322266]
[719, 0.004798173904418945]
[720, 0.006372213363647461]
[721, 0.004700422286987305]
[722, 0.006278038024902344]
[723, 0.005403995513916016]
[724, 0.005634784698486328]
[725, 0.0047664642333984375]
[726, 0.0054874420166015625]
[727, 0.00472259521484375]
[728, 0.005785703659057617]
[729, 0.0055239200592041016]
[730, 0.005066871643066406]
[731, 0.0053713321685791016]
[732, 0.004904747009277344]
[733, 0.006438732147216797]
[734, 0.005154609680175781]
[735, 0.0062389373779296875]
[736, 0.00478672981262207]
[737, 0.006051778793334961]
[738, 0.0051250457763671875]
[739, 0.005945920944213867]
[740, 0.006298542022705078]
[741, 0.005757570266723633]
[742, 0.00615239143371582]
[743, 0.005939006805419922]
[744, 0.0052831172943115234]
[745, 0.005683422088623047]
[746, 0.00491786003112793]
[747, 0.005469322204589844]
[748, 0.0054666996002197266]
[749, 0.0050852298736572266]
[750, 0.0054666996002197266]
[751, 0.00537109375]
[752, 0.0065479278564453125]
[753, 0.004979372024536133]
[754, 0.005707740783691406]
[755, 0.004948616027832031]
[756, 0.005518198013305664]
[757, 0.00501561164855957]
[758, 0.005892276763916016]
[759, 0.00531768798828125]
[760, 0.005154609680175781]
[761, 0.005383729934692383]
[762, 0.005015850067138672]
[763, 0.005846977233886719]
[764, 0.005155086517333984]
[765, 0.0056383609771728516]
[766, 0.00521540641784668]
[767, 0.005596637725830078]
[768, 0.0052106380462646484]
[769, 0.005510807037353516]
[770, 0.005428791046142578]
[771, 0.005124568939208984]
[772, 0.006869077682495117]
[773, 0.005262851715087891]
[774, 0.006544828414916992]
[775, 0.0051534175872802734]
[776, 0.0058062076568603516]
[777, 0.005093097686767578]
[778, 0.005844593048095703]
[779, 0.005589962005615234]
[780, 0.005976438522338867]
[781, 0.005299091339111328]
[782, 0.005505800247192383]
[783, 0.005459308624267578]
[784, 0.005237102508544922]
[785, 0.005848407745361328]
[786, 0.005359172821044922]
[787, 0.0057528018951416016]
[788, 0.0053691864013671875]
[789, 0.005793571472167969]
[790, 0.005293607711791992]
[791, 0.005645036697387695]
[792, 0.0054318904876708984]
[793, 0.005500316619873047]
[794, 0.005434751510620117]
[795, 0.005559444427490234]
[796, 0.005585432052612305]
[797, 0.005459308624267578]
[798, 0.00563502311706543]
[799, 0.005413532257080078]
[800, 0.00633549690246582]
[801, 0.005473136901855469]
[802, 0.006333112716674805]
[803, 0.005380392074584961]
[804, 0.00602269172668457]
[805, 0.005369901657104492]
[806, 0.005821704864501953]
[807, 0.005441427230834961]
[808, 0.00839376449584961]
[809, 0.005461931228637695]
[810, 0.008080244064331055]
[811, 0.005668163299560547]
[812, 0.007288217544555664]
[813, 0.00625157356262207]
[814, 0.006975889205932617]
[815, 0.0058155059814453125]
[816, 0.005515336990356445]
[817, 0.00563359260559082]
[818, 0.005672454833984375]
[819, 0.005477428436279297]
[820, 0.005792379379272461]
[821, 0.00555419921875]
[822, 0.005536317825317383]
[823, 0.005547523498535156]
[824, 0.005721569061279297]
[825, 0.0056610107421875]
[826, 0.0054950714111328125]
[827, 0.00583195686340332]
[828, 0.005590677261352539]
[829, 0.0056378841400146484]
[830, 0.00554656982421875]
[831, 0.005613803863525391]
[832, 0.005548954010009766]
[833, 0.005557537078857422]
[834, 0.0060236454010009766]
[835, 0.0064733028411865234]
[836, 0.005641937255859375]
[837, 0.0056459903717041016]
[838, 0.005716085433959961]
[839, 0.005745410919189453]
[840, 0.005712747573852539]
[841, 0.005655527114868164]
[842, 0.005835771560668945]
[843, 0.005907535552978516]
[844, 0.005656719207763672]
[845, 0.005783796310424805]
[846, 0.005730628967285156]
[847, 0.005799055099487305]
[848, 0.008710861206054688]
[849, 0.005997419357299805]
[850, 0.005712747573852539]
[851, 0.005824565887451172]
[852, 0.00572514533996582]
[853, 0.005970954895019531]
[854, 0.005814552307128906]
[855, 0.005818367004394531]
[856, 0.005780935287475586]
[857, 0.005828380584716797]
[858, 0.005811452865600586]
[859, 0.005907773971557617]
[860, 0.00593256950378418]
[861, 0.0059316158294677734]
[862, 0.005956411361694336]
[863, 0.005885124206542969]
[864, 0.005879402160644531]
[865, 0.005934238433837891]
[866, 0.006033658981323242]
[867, 0.005915164947509766]
[868, 0.005880594253540039]
[869, 0.0058727264404296875]
[870, 0.005933046340942383]
[871, 0.006170749664306641]
[872, 0.00600886344909668]
[873, 0.0060558319091796875]
[874, 0.005980730056762695]
[875, 0.006014347076416016]
[876, 0.0059697628021240234]
[877, 0.006027698516845703]
[878, 0.0060045719146728516]
[879, 0.005989551544189453]
[880, 0.006044626235961914]
[881, 0.0068929195404052734]
[882, 0.0060558319091796875]
[883, 0.00600886344909668]
[884, 0.006031990051269531]
[885, 0.006012678146362305]
[886, 0.006087541580200195]
[887, 0.006112575531005859]
[888, 0.006381988525390625]
[889, 0.006074428558349609]
[890, 0.006182432174682617]
[891, 0.006215095520019531]
[892, 0.006039142608642578]
[893, 0.006089925765991211]
[894, 0.0062062740325927734]
[895, 0.006150484085083008]
[896, 0.006211757659912109]
[897, 0.0066034793853759766]
[898, 0.0061495304107666016]
[899, 0.006159305572509766]
[900, 0.006214618682861328]
[901, 0.0061533451080322266]
[902, 0.006168842315673828]
[903, 0.006215333938598633]
[904, 0.006295204162597656]
[905, 0.006476163864135742]
[906, 0.0062351226806640625]
[907, 0.006290912628173828]
[908, 0.0063037872314453125]
[909, 0.0064203739166259766]
[910, 0.0064144134521484375]
[911, 0.006711244583129883]
[912, 0.006968498229980469]
[913, 0.006331443786621094]
[914, 0.006303310394287109]
[915, 0.006394624710083008]
[916, 0.006279468536376953]
[917, 0.006392478942871094]
[918, 0.006440877914428711]
[919, 0.0065577030181884766]
[920, 0.0063152313232421875]
[921, 0.006383180618286133]
[922, 0.006461381912231445]
[923, 0.006362438201904297]
[924, 0.006640195846557617]
[925, 0.006326913833618164]
[926, 0.0064849853515625]
[927, 0.0064923763275146484]
[928, 0.006406545639038086]
[929, 0.00641632080078125]
[930, 0.006418704986572266]
[931, 0.00661778450012207]
[932, 0.006474018096923828]
[933, 0.0065555572509765625]
[934, 0.006521463394165039]
[935, 0.006448507308959961]
[936, 0.006475687026977539]
[937, 0.0067331790924072266]
[938, 0.00648188591003418]
[939, 0.006501436233520508]
[940, 0.00666499137878418]
[941, 0.0065190792083740234]
[942, 0.0070917606353759766]
[943, 0.006589412689208984]
[944, 0.0065915584564208984]
[945, 0.006547689437866211]
[946, 0.006536245346069336]
[947, 0.008808612823486328]
[948, 0.0070133209228515625]
[949, 0.006562948226928711]
[950, 0.006583452224731445]
[951, 0.006680011749267578]
[952, 0.0065920352935791016]
[953, 0.008267402648925781]
[954, 0.0070726871490478516]
[955, 0.006781101226806641]
[956, 0.006669759750366211]
[957, 0.006686210632324219]
[958, 0.006658315658569336]
[959, 0.0067081451416015625]
[960, 0.006787776947021484]
[961, 0.006817340850830078]
[962, 0.006879091262817383]
[963, 0.006862640380859375]
[964, 0.006692647933959961]
[965, 0.0067675113677978516]
[966, 0.007124900817871094]
[967, 0.006770610809326172]
[968, 0.006856203079223633]
[969, 0.006908416748046875]
[970, 0.006826162338256836]
[971, 0.006874799728393555]
[972, 0.006870269775390625]
[973, 0.006806850433349609]
[974, 0.0069429874420166016]
[975, 0.006797313690185547]
[976, 0.006825685501098633]
[977, 0.006842374801635742]
[978, 0.006932973861694336]
[979, 0.0068590641021728516]
[980, 0.006949663162231445]
[981, 0.00691986083984375]
[982, 0.006886959075927734]
[983, 0.007118940353393555]
[984, 0.007132768630981445]
[985, 0.006915569305419922]
[986, 0.0069272518157958984]
[987, 0.007111787796020508]
[988, 0.0068912506103515625]
[989, 0.007012367248535156]
[990, 0.007243156433105469]
[991, 0.006997346878051758]
[992, 0.006956577301025391]
[993, 0.006997346878051758]
[994, 0.006958961486816406]
[995, 0.007022380828857422]
[996, 0.007166385650634766]
[997, 0.007008790969848633]
[998, 0.007100343704223633]
[999, 0.007050275802612305]
[1000, 0.0070803165435791016]
[1001, 0.0070683956146240234]
[1002, 0.007117271423339844]
[1003, 0.007035493850708008]
[1004, 0.0071163177490234375]
[1005, 0.0071506500244140625]
[1006, 0.0071790218353271484]
[1007, 0.0071790218353271484]
[1008, 0.0072193145751953125]
[1009, 0.007112264633178711]
[1010, 0.007242441177368164]
[1011, 0.007127046585083008]
[1012, 0.007185220718383789]
[1013, 0.007310152053833008]
[1014, 0.007245063781738281]
[1015, 0.00720524787902832]
[1016, 0.0072133541107177734]
[1017, 0.007188320159912109]
[1018, 0.007269620895385742]
[1019, 0.007262706756591797]
[1020, 0.007232189178466797]
[1021, 0.0072705745697021484]
[1022, 0.0072536468505859375]
[1023, 0.00726771354675293]
[1024, 0.0075643062591552734]
[1025, 0.00736689567565918]
[1026, 0.007455110549926758]
[1027, 0.007300376892089844]
[1028, 0.007399320602416992]
[1029, 0.007285594940185547]
[1030, 0.0073299407958984375]
[1031, 0.0074710845947265625]
[1032, 0.0076177120208740234]
[1033, 0.00748753547668457]
[1034, 0.007475376129150391]
[1035, 0.007569313049316406]
[1036, 0.00745701789855957]
[1037, 0.007527828216552734]
[1038, 0.007483005523681641]
[1039, 0.007441282272338867]
[1040, 0.007477998733520508]
[1041, 0.007455587387084961]
[1042, 0.0074923038482666016]
[1043, 0.007811546325683594]
[1044, 0.0075626373291015625]
[1045, 0.007539510726928711]
[1046, 0.007548093795776367]
[1047, 0.007607698440551758]
[1048, 0.007585763931274414]
[1049, 0.0077669620513916016]
[1050, 0.007532596588134766]
[1051, 0.007533073425292969]
[1052, 0.0076007843017578125]
[1053, 0.007642030715942383]
[1054, 0.007679939270019531]
[1055, 0.007590293884277344]
[1056, 0.007595539093017578]
[1057, 0.007940053939819336]
[1058, 0.007608890533447266]
[1059, 0.007743358612060547]
[1060, 0.007833003997802734]
[1061, 0.007631540298461914]
[1062, 0.007706880569458008]
[1063, 0.007693290710449219]
[1064, 0.0078105926513671875]
[1065, 0.00770258903503418]
[1066, 0.007720947265625]
[1067, 0.007798910140991211]
[1068, 0.007737398147583008]
[1069, 0.007892370223999023]
[1070, 0.0077741146087646484]
[1071, 0.007839679718017578]
[1072, 0.007891654968261719]
[1073, 0.007784366607666016]
[1074, 0.007916927337646484]
[1075, 0.00788116455078125]
[1076, 0.007833480834960938]
[1077, 0.008017539978027344]
[1078, 0.007901430130004883]
[1079, 0.007886409759521484]
[1080, 0.008017301559448242]
[1081, 0.007912874221801758]
[1082, 0.007982015609741211]
[1083, 0.007861852645874023]
[1084, 0.007914304733276367]
[1085, 0.008183002471923828]
[1086, 0.008198738098144531]
[1087, 0.00805211067199707]
[1088, 0.008029699325561523]
[1089, 0.008123636245727539]
[1090, 0.008041143417358398]
[1091, 0.007950067520141602]
[1092, 0.008096694946289062]
[1093, 0.00818634033203125]
[1094, 0.008173465728759766]
[1095, 0.008105278015136719]
[1096, 0.008125066757202148]
[1097, 0.008045673370361328]
[1098, 0.008058786392211914]
[1099, 0.008128881454467773]
[1100, 0.008074760437011719]
[1101, 0.008111238479614258]
[1102, 0.00829172134399414]
[1103, 0.008238554000854492]
[1104, 0.008264541625976562]
[1105, 0.008145332336425781]
[1106, 0.008339643478393555]
[1107, 0.008229732513427734]
[1108, 0.008216142654418945]
[1109, 0.008243799209594727]
[1110, 0.008129596710205078]
[1111, 0.008254289627075195]
[1112, 0.008180856704711914]
[1113, 0.008231878280639648]
[1114, 0.00809621810913086]
[1115, 0.008251428604125977]
[1116, 0.008383989334106445]
[1117, 0.008232831954956055]
[1118, 0.00835108757019043]
[1119, 0.008244991302490234]
[1120, 0.008432865142822266]
[1121, 0.008438825607299805]
[1122, 0.008362293243408203]
[1123, 0.008315563201904297]
[1124, 0.008411884307861328]
[1125, 0.008547782897949219]
[1126, 0.00849771499633789]
[1127, 0.008457660675048828]
[1128, 0.008507966995239258]
[1129, 0.008491754531860352]
[1130, 0.008423805236816406]
[1131, 0.008415699005126953]
[1132, 0.015242815017700195]
[1133, 0.009794950485229492]
[1134, 0.00973057746887207]
[1135, 0.010196685791015625]
[1136, 0.009281635284423828]
[1137, 0.009330987930297852]
[1138, 0.011505603790283203]
[1139, 0.012108802795410156]
[1140, 0.008653402328491211]
[1141, 0.013409614562988281]
[1142, 0.010447978973388672]
[1143, 0.009305000305175781]
[1144, 0.009373188018798828]
[1145, 0.009751558303833008]
[1146, 0.009513616561889648]
[1147, 0.014583826065063477]
[1148, 0.014356851577758789]
[1149, 0.009607791900634766]
[1150, 0.011575698852539062]
[1151, 0.01177525520324707]
[1152, 0.009589910507202148]
[1153, 0.013096809387207031]
[1154, 0.012783288955688477]
[1155, 0.00979757308959961]
[1156, 0.010445833206176758]
[1157, 0.010028839111328125]
[1158, 0.010167837142944336]
[1159, 0.011107921600341797]
[1160, 0.010799407958984375]
[1161, 0.011283159255981445]
[1162, 0.009245157241821289]
[1163, 0.010950326919555664]
[1164, 0.009635448455810547]
[1165, 0.011290788650512695]
[1166, 0.00993800163269043]
[1167, 0.010901212692260742]
[1168, 0.010486364364624023]
[1169, 0.00987386703491211]
[1170, 0.010953903198242188]
[1171, 0.01035451889038086]
[1172, 0.009436607360839844]
[1173, 0.011012554168701172]
[1174, 0.009135007858276367]
[1175, 0.01167440414428711]
[1176, 0.009361982345581055]
[1177, 0.00994110107421875]
[1178, 0.010834932327270508]
[1179, 0.010088205337524414]
[1180, 0.009366989135742188]
[1181, 0.009286642074584961]
[1182, 0.011904239654541016]
[1183, 0.011965513229370117]
[1184, 0.010087013244628906]
[1185, 0.012101411819458008]
[1186, 0.010849952697753906]
[1187, 0.009143352508544922]
[1188, 0.009174108505249023]
[1189, 0.009006500244140625]
[1190, 0.010539770126342773]
[1191, 0.00931239128112793]
[1192, 0.009010553359985352]
[1193, 0.009086847305297852]
[1194, 0.009140729904174805]
[1195, 0.009644269943237305]
[1196, 0.010255098342895508]
[1197, 0.009553194046020508]
[1198, 0.010439395904541016]
[1199, 0.010037660598754883]
[1200, 0.011549234390258789]
[1201, 0.010217428207397461]
[1202, 0.009540081024169922]
[1203, 0.012157678604125977]
[1204, 0.011319875717163086]
[1205, 0.009439706802368164]
[1206, 0.009354829788208008]
[1207, 0.009435415267944336]
[1208, 0.011008024215698242]
[1209, 0.009527921676635742]
[1210, 0.00927734375]
[1211, 0.009423255920410156]
[1212, 0.009598255157470703]
[1213, 0.011457204818725586]
[1214, 0.009511232376098633]
[1215, 0.009586095809936523]
[1216, 0.011825799942016602]
[1217, 0.00988459587097168]
[1218, 0.010661602020263672]
[1219, 0.011121511459350586]
[1220, 0.009566783905029297]
[1221, 0.01090383529663086]
[1222, 0.009598255157470703]
[1223, 0.010227680206298828]
[1224, 0.01222085952758789]
[1225, 0.010700225830078125]
[1226, 0.00945281982421875]
[1227, 0.010272741317749023]
[1228, 0.011619091033935547]
[1229, 0.009515523910522461]
[1230, 0.009548664093017578]
[1231, 0.009486198425292969]
[1232, 0.009980440139770508]
[1233, 0.009652376174926758]
[1234, 0.009529352188110352]
[1235, 0.009769678115844727]
[1236, 0.01047515869140625]
[1237, 0.009742021560668945]
[1238, 0.009899616241455078]
[1239, 0.009461164474487305]
[1240, 0.01011037826538086]
[1241, 0.009684324264526367]
[1242, 0.009623527526855469]
[1243, 0.00984048843383789]
[1244, 0.010004758834838867]
[1245, 0.009652137756347656]
[1246, 0.010366201400756836]
[1247, 0.010345220565795898]
[1248, 0.010718822479248047]
[1249, 0.010518312454223633]
[1250, 0.011680126190185547]
[1251, 0.011996984481811523]
[1252, 0.010549068450927734]
[1253, 0.009914159774780273]
[1254, 0.010083436965942383]
[1255, 0.0109710693359375]
[1256, 0.010066986083984375]
[1257, 0.009792566299438477]
[1258, 0.012466669082641602]
[1259, 0.013411521911621094]
[1260, 0.009800195693969727]
[1261, 0.009920358657836914]
[1262, 0.013346433639526367]
[1263, 0.012341976165771484]
[1264, 0.011713743209838867]
[1265, 0.01101231575012207]
[1266, 0.010097742080688477]
[1267, 0.01163482666015625]
[1268, 0.010348796844482422]
[1269, 0.01165771484375]
[1270, 0.012585639953613281]
[1271, 0.010993003845214844]
[1272, 0.010432243347167969]
[1273, 0.010297298431396484]
[1274, 0.009932994842529297]
[1275, 0.011116504669189453]
[1276, 0.0104217529296875]
[1277, 0.010124683380126953]
[1278, 0.010262489318847656]
[1279, 0.012218952178955078]
[1280, 0.010115623474121094]
[1281, 0.010211944580078125]
[1282, 0.009997844696044922]
[1283, 0.011657476425170898]
[1284, 0.010114431381225586]
[1285, 0.009999752044677734]
[1286, 0.010603666305541992]
[1287, 0.012850522994995117]
[1288, 0.010179281234741211]
[1289, 0.010747432708740234]
[1290, 0.014015674591064453]
[1291, 0.011696815490722656]
[1292, 0.010439157485961914]
[1293, 0.010311365127563477]
[1294, 0.014033079147338867]
[1295, 0.011039972305297852]
[1296, 0.011141061782836914]
[1297, 0.010108709335327148]
[1298, 0.012692928314208984]
[1299, 0.011101722717285156]
[1300, 0.010277271270751953]
[1301, 0.010183095932006836]
[1302, 0.010746479034423828]
[1303, 0.011518239974975586]
[1304, 0.010297060012817383]
[1305, 0.010509729385375977]
[1306, 0.012959480285644531]
[1307, 0.010701656341552734]
[1308, 0.010351896286010742]
[1309, 0.010266542434692383]
[1310, 0.011477231979370117]
[1311, 0.012826919555664062]
[1312, 0.010502099990844727]
[1313, 0.010341167449951172]
[1314, 0.010440587997436523]
[1315, 0.010665178298950195]
[1316, 0.01029205322265625]
[1317, 0.010265350341796875]
[1318, 0.010429143905639648]
[1319, 0.010705232620239258]
[1320, 0.010437250137329102]
[1321, 0.010548114776611328]
[1322, 0.010856151580810547]
[1323, 0.010757923126220703]
[1324, 0.01043391227722168]
[1325, 0.010399103164672852]
[1326, 0.01055908203125]
[1327, 0.011492013931274414]
[1328, 0.010497808456420898]
[1329, 0.01056361198425293]
[1330, 0.010530471801757812]
[1331, 0.011529684066772461]
[1332, 0.010544300079345703]
[1333, 0.010401487350463867]
[1334, 0.01116943359375]
[1335, 0.012524127960205078]
[1336, 0.01057887077331543]
[1337, 0.010895967483520508]
[1338, 0.011278152465820312]
[1339, 0.01195073127746582]
[1340, 0.010663747787475586]
[1341, 0.010434150695800781]
[1342, 0.01140594482421875]
[1343, 0.01128244400024414]
[1344, 0.010912656784057617]
[1345, 0.01048421859741211]
[1346, 0.01346445083618164]
[1347, 0.012022733688354492]
[1348, 0.010672807693481445]
[1349, 0.013856172561645508]
[1350, 0.011976480484008789]
[1351, 0.01227569580078125]
[1352, 0.016130447387695312]
[1353, 0.01152658462524414]
[1354, 0.015024423599243164]
[1355, 0.014732122421264648]
[1356, 0.01697683334350586]
[1357, 0.012884378433227539]
[1358, 0.018353939056396484]
[1359, 0.017107486724853516]
[1360, 0.016680002212524414]
[1361, 0.01584935188293457]
[1362, 0.011189460754394531]
[1363, 0.011887073516845703]
[1364, 0.013138532638549805]
[1365, 0.016571998596191406]
[1366, 0.01671886444091797]
[1367, 0.011914491653442383]
[1368, 0.011188507080078125]
[1369, 0.011127710342407227]
[1370, 0.012049198150634766]
[1371, 0.012666463851928711]
[1372, 0.01199960708618164]
[1373, 0.01218557357788086]
[1374, 0.012857913970947266]
[1375, 0.012826204299926758]
[1376, 0.013262271881103516]
[1377, 0.014515399932861328]
[1378, 0.012517213821411133]
[1379, 0.013091802597045898]
[1380, 0.012128591537475586]
[1381, 0.018875598907470703]
[1382, 0.01925373077392578]
[1383, 0.015973567962646484]
[1384, 0.011827468872070312]
[1385, 0.011945247650146484]
[1386, 0.01203298568725586]
[1387, 0.013993024826049805]
[1388, 0.014076709747314453]
[1389, 0.01407313346862793]
[1390, 0.01313924789428711]
[1391, 0.013953208923339844]
[1392, 0.014954566955566406]
[1393, 0.011565446853637695]
[1394, 0.015281915664672852]
[1395, 0.013968467712402344]
[1396, 0.013247013092041016]
[1397, 0.014627218246459961]
[1398, 0.014193058013916016]
[1399, 0.012410879135131836]
[1400, 0.012317419052124023]
[1401, 0.013095378875732422]
[1402, 0.01360774040222168]
[1403, 0.015606164932250977]
[1404, 0.01898813247680664]
[1405, 0.012137651443481445]
[1406, 0.013372182846069336]
[1407, 0.012111186981201172]
[1408, 0.01809096336364746]
[1409, 0.01860785484313965]
[1410, 0.018405437469482422]
[1411, 0.01886749267578125]
[1412, 0.01867985725402832]
[1413, 0.012115955352783203]
[1414, 0.012254714965820312]
[1415, 0.01337575912475586]
[1416, 0.014349222183227539]
[1417, 0.013640165328979492]
[1418, 0.012682914733886719]
[1419, 0.019436120986938477]
[1420, 0.013896465301513672]
[1421, 0.011457204818725586]
[1422, 0.020029306411743164]
[1423, 0.011892557144165039]
[1424, 0.011584043502807617]
[1425, 0.011326789855957031]
[1426, 0.011763811111450195]
[1427, 0.011625051498413086]
[1428, 0.011515617370605469]
[1429, 0.011581182479858398]
[1430, 0.011754035949707031]
[1431, 0.01282048225402832]
[1432, 0.01188969612121582]
[1433, 0.011710166931152344]
[1434, 0.01228189468383789]
[1435, 0.011766910552978516]
[1436, 0.011631011962890625]
[1437, 0.011616706848144531]
[1438, 0.013194084167480469]
[1439, 0.013135194778442383]
[1440, 0.012160778045654297]
[1441, 0.012939214706420898]
[1442, 0.014266014099121094]
[1443, 0.012087106704711914]
[1444, 0.015425682067871094]
[1445, 0.012430667877197266]
[1446, 0.01196432113647461]
[1447, 0.013957977294921875]
[1448, 0.012241125106811523]
[1449, 0.011969804763793945]
[1450, 0.017554759979248047]
[1451, 0.014819860458374023]
[1452, 0.012108325958251953]
[1453, 0.01204061508178711]
[1454, 0.015411615371704102]
[1455, 0.014620542526245117]
[1456, 0.012445211410522461]
[1457, 0.013455629348754883]
[1458, 0.013936519622802734]
[1459, 0.011980533599853516]
[1460, 0.012061357498168945]
[1461, 0.016901254653930664]
[1462, 0.011902809143066406]
[1463, 0.012014389038085938]
[1464, 0.012036800384521484]
[1465, 0.012874603271484375]
[1466, 0.01229715347290039]
[1467, 0.012042045593261719]
[1468, 0.012056827545166016]
[1469, 0.012486696243286133]
[1470, 0.013162851333618164]
[1471, 0.012282371520996094]
[1472, 0.011960029602050781]
[1473, 0.017574787139892578]
[1474, 0.012314796447753906]
[1475, 0.01257944107055664]
[1476, 0.011932373046875]
[1477, 0.017531871795654297]
[1478, 0.012591361999511719]
[1479, 0.012537479400634766]
[1480, 0.01250767707824707]
[1481, 0.018404722213745117]
[1482, 0.012447118759155273]
[1483, 0.012427568435668945]
[1484, 0.012056827545166016]
[1485, 0.020498037338256836]
[1486, 0.01276850700378418]
[1487, 0.012404441833496094]
[1488, 0.012276172637939453]
[1489, 0.01764965057373047]
[1490, 0.01366424560546875]
[1491, 0.012496709823608398]
[1492, 0.012326240539550781]
[1493, 0.017647743225097656]
[1494, 0.012573003768920898]
[1495, 0.012417078018188477]
[1496, 0.012286663055419922]
[1497, 0.017900943756103516]
[1498, 0.013579130172729492]
[1499, 0.012591123580932617]
[1500, 0.012476205825805664]
[1501, 0.01662921905517578]
[1502, 0.012602090835571289]
[1503, 0.012334585189819336]
[1504, 0.012581586837768555]
[1505, 0.01794123649597168]
[1506, 0.01260066032409668]
[1507, 0.012332439422607422]
[1508, 0.0124664306640625]
[1509, 0.018961429595947266]
[1510, 0.013147592544555664]
[1511, 0.012713909149169922]
[1512, 0.012870311737060547]
[1513, 0.018874645233154297]
[1514, 0.012753009796142578]
[1515, 0.013453245162963867]
[1516, 0.012744903564453125]
[1517, 0.01760268211364746]
[1518, 0.012763738632202148]
[1519, 0.012714385986328125]
[1520, 0.012708425521850586]
[1521, 0.018489837646484375]
[1522, 0.012685060501098633]
[1523, 0.012623786926269531]
[1524, 0.018645524978637695]
[1525, 0.012992382049560547]
[1526, 0.013000726699829102]
[1527, 0.012951374053955078]
[1528, 0.016405344009399414]
[1529, 0.012746572494506836]
[1530, 0.012911319732666016]
[1531, 0.013301372528076172]
[1532, 0.014774084091186523]
[1533, 0.012859821319580078]
[1534, 0.012548208236694336]
[1535, 0.012684345245361328]
[1536, 0.013750314712524414]
[1537, 0.013935327529907227]
[1538, 0.013348102569580078]
[1539, 0.016481876373291016]
[1540, 0.013303756713867188]
[1541, 0.016296863555908203]
[1542, 0.013860940933227539]
[1543, 0.013165473937988281]
[1544, 0.01401519775390625]
[1545, 0.015610218048095703]
[1546, 0.012929916381835938]
[1547, 0.015308618545532227]
[1548, 0.014377832412719727]
[1549, 0.012989282608032227]
[1550, 0.012887716293334961]
[1551, 0.015265941619873047]
[1552, 0.01312875747680664]
[1553, 0.013083219528198242]
[1554, 0.014285802841186523]
[1555, 0.015294075012207031]
[1556, 0.01405954360961914]
[1557, 0.015961647033691406]
[1558, 0.016695737838745117]
[1559, 0.017778873443603516]
[1560, 0.016514301300048828]
[1561, 0.015742063522338867]
[1562, 0.015251874923706055]
[1563, 0.015703439712524414]
[1564, 0.015012502670288086]
[1565, 0.013283967971801758]
[1566, 0.015313863754272461]
[1567, 0.015001296997070312]
[1568, 0.01678609848022461]
[1569, 0.013355731964111328]
[1570, 0.013163566589355469]
[1571, 0.013202905654907227]
[1572, 0.015817642211914062]
[1573, 0.015369653701782227]
[1574, 0.013393163681030273]
[1575, 0.015048027038574219]
[1576, 0.015539407730102539]
[1577, 0.013245582580566406]
[1578, 0.01537466049194336]
[1579, 0.014880657196044922]
[1580, 0.013405561447143555]
[1581, 0.015737533569335938]
[1582, 0.015121936798095703]
[1583, 0.015429258346557617]
[1584, 0.01564621925354004]
[1585, 0.014295816421508789]
[1586, 0.013543128967285156]
[1587, 0.014812231063842773]
[1588, 0.014011144638061523]
[1589, 0.013956785202026367]
[1590, 0.014505147933959961]
[1591, 0.015035867691040039]
[1592, 0.014678955078125]
[1593, 0.014237165451049805]
[1594, 0.013678312301635742]
[1595, 0.014616250991821289]
[1596, 0.015777587890625]
[1597, 0.01390838623046875]
[1598, 0.01434469223022461]
[1599, 0.014393329620361328]
[1600, 0.014847993850708008]
[1601, 0.01570606231689453]
[1602, 0.014083385467529297]
[1603, 0.014341354370117188]
[1604, 0.015339851379394531]
[1605, 0.015408992767333984]
[1606, 0.014599084854125977]
[1607, 0.013845205307006836]
[1608, 0.015612125396728516]
[1609, 0.013368606567382812]
[1610, 0.013787508010864258]
[1611, 0.02208852767944336]
[1612, 0.014009714126586914]
[1613, 0.02021336555480957]
[1614, 0.014333724975585938]
[1615, 0.013805627822875977]
[1616, 0.015203714370727539]
[1617, 0.017142295837402344]
[1618, 0.01423501968383789]
[1619, 0.018739938735961914]
[1620, 0.014497995376586914]
[1621, 0.013895988464355469]
[1622, 0.013663291931152344]
[1623, 0.014725685119628906]
[1624, 0.01409602165222168]
[1625, 0.013862133026123047]
[1626, 0.015300750732421875]
[1627, 0.014154672622680664]
[1628, 0.013792037963867188]
[1629, 0.015201568603515625]
[1630, 0.013862848281860352]
[1631, 0.014054059982299805]
[1632, 0.014932394027709961]
[1633, 0.013829469680786133]
[1634, 0.013804912567138672]
[1635, 0.014389276504516602]
[1636, 0.014005661010742188]
[1637, 0.015465736389160156]
[1638, 0.014304399490356445]
[1639, 0.013931989669799805]
[1640, 0.014238595962524414]
[1641, 0.014677762985229492]
[1642, 0.014197826385498047]
[1643, 0.014829397201538086]
[1644, 0.014151573181152344]
[1645, 0.014228105545043945]
[1646, 0.014810323715209961]
[1647, 0.014149188995361328]
[1648, 0.01432180404663086]
[1649, 0.014403581619262695]
[1650, 0.014404296875]
[1651, 0.014196395874023438]
[1652, 0.014439105987548828]
[1653, 0.014608621597290039]
[1654, 0.01719951629638672]
[1655, 0.015428543090820312]
[1656, 0.014161348342895508]
[1657, 0.017537355422973633]
[1658, 0.014187097549438477]
[1659, 0.014058828353881836]
[1660, 0.017075300216674805]
[1661, 0.014731645584106445]
[1662, 0.013988256454467773]
[1663, 0.014277935028076172]
[1664, 0.014628887176513672]
[1665, 0.014246702194213867]
[1666, 0.01678776741027832]
[1667, 0.015208005905151367]
[1668, 0.014495134353637695]
[1669, 0.014507293701171875]
[1670, 0.014319419860839844]
[1671, 0.014341354370117188]
[1672, 0.014590978622436523]
[1673, 0.01608729362487793]
[1674, 0.01467442512512207]
[1675, 0.01474308967590332]
[1676, 0.014657020568847656]
[1677, 0.014240503311157227]
[1678, 0.01465606689453125]
[1679, 0.015156745910644531]
[1680, 0.014471054077148438]
[1681, 0.014951944351196289]
[1682, 0.014658927917480469]
[1683, 0.014866113662719727]
[1684, 0.0189669132232666]
[1685, 0.014636754989624023]
[1686, 0.014499425888061523]
[1687, 0.019229650497436523]
[1688, 0.014807462692260742]
[1689, 0.021350860595703125]
[1690, 0.025077342987060547]
[1691, 0.014687061309814453]
[1692, 0.014500141143798828]
[1693, 0.014481544494628906]
[1694, 0.015370368957519531]
[1695, 0.014655351638793945]
[1696, 0.014669418334960938]
[1697, 0.01645040512084961]
[1698, 0.021854639053344727]
[1699, 0.017655134201049805]
[1700, 0.014971256256103516]
[1701, 0.01465749740600586]
[1702, 0.014712333679199219]
[1703, 0.0162200927734375]
[1704, 0.014777660369873047]
[1705, 0.018811941146850586]
[1706, 0.015332221984863281]
[1707, 0.014737129211425781]
[1708, 0.018640995025634766]
[1709, 0.014949798583984375]
[1710, 0.014867305755615234]
[1711, 0.01882338523864746]
[1712, 0.014758825302124023]
[1713, 0.014651298522949219]
[1714, 0.014913320541381836]
[1715, 0.016033172607421875]
[1716, 0.015282630920410156]
[1717, 0.016383647918701172]
[1718, 0.014999151229858398]
[1719, 0.015661954879760742]
[1720, 0.015383720397949219]
[1721, 0.014894962310791016]
[1722, 0.015564203262329102]
[1723, 0.01507425308227539]
[1724, 0.014930248260498047]
[1725, 0.015536069869995117]
[1726, 0.015048027038574219]
[1727, 0.014924764633178711]
[1728, 0.015323400497436523]
[1729, 0.015339851379394531]
[1730, 0.014981985092163086]
[1731, 0.017365217208862305]
[1732, 0.017252445220947266]
[1733, 0.015232563018798828]
[1734, 0.015513181686401367]
[1735, 0.015230178833007812]
[1736, 0.015017032623291016]
[1737, 0.015469074249267578]
[1738, 0.01522207260131836]
[1739, 0.015406608581542969]
[1740, 0.015291929244995117]
[1741, 0.015410661697387695]
[1742, 0.015197992324829102]
[1743, 0.01617121696472168]
[1744, 0.015411138534545898]
[1745, 0.015087127685546875]
[1746, 0.015344619750976562]
[1747, 0.01591014862060547]
[1748, 0.015111923217773438]
[1749, 0.015337705612182617]
[1750, 0.01586127281188965]
[1751, 0.015497446060180664]
[1752, 0.015398263931274414]
[1753, 0.017043590545654297]
[1754, 0.015305042266845703]
[1755, 0.019976377487182617]
[1756, 0.015576839447021484]
[1757, 0.015295743942260742]
[1758, 0.01943683624267578]
[1759, 0.015591144561767578]
[1760, 0.015426397323608398]
[1761, 0.015491008758544922]
[1762, 0.015483856201171875]
[1763, 0.015450000762939453]
[1764, 0.015575408935546875]
[1765, 0.01564788818359375]
[1766, 0.015295982360839844]
[1767, 0.01602911949157715]
[1768, 0.015466928482055664]
[1769, 0.015741348266601562]
[1770, 0.015774965286254883]
[1771, 0.01551675796508789]
[1772, 0.015355587005615234]
[1773, 0.015719175338745117]
[1774, 0.015555858612060547]
[1775, 0.01566624641418457]
[1776, 0.01586604118347168]
[1777, 0.015720605850219727]
[1778, 0.015382528305053711]
[1779, 0.01590275764465332]
[1780, 0.015673398971557617]
[1781, 0.015901803970336914]
[1782, 0.016019105911254883]
[1783, 0.015554666519165039]
[1784, 0.015391349792480469]
[1785, 0.01619267463684082]
[1786, 0.015663623809814453]
[1787, 0.015483617782592773]
[1788, 0.016981840133666992]
[1789, 0.015970706939697266]
[1790, 0.01566481590270996]
[1791, 0.017138957977294922]
[1792, 0.01597762107849121]
[1793, 0.016236543655395508]
[1794, 0.015938282012939453]
[1795, 0.015806198120117188]
[1796, 0.01626753807067871]
[1797, 0.015767574310302734]
[1798, 0.015689373016357422]
[1799, 0.01622176170349121]
[1800, 0.0163271427154541]
[1801, 0.015848875045776367]
[1802, 0.016933679580688477]
[1803, 0.015762805938720703]
[1804, 0.01576066017150879]
[1805, 0.01642322540283203]
[1806, 0.01616382598876953]
[1807, 0.016009092330932617]
[1808, 0.01778697967529297]
[1809, 0.015688180923461914]
[1810, 0.015767574310302734]
[1811, 0.016133546829223633]
[1812, 0.016037464141845703]
[1813, 0.015772104263305664]
[1814, 0.017023324966430664]
[1815, 0.01608729362487793]
[1816, 0.016103506088256836]
[1817, 0.021181821823120117]
[1818, 0.015982389450073242]
[1819, 0.015895605087280273]
[1820, 0.016192913055419922]
[1821, 0.01602911949157715]
[1822, 0.016049861907958984]
[1823, 0.01659870147705078]
[1824, 0.0160214900970459]
[1825, 0.016035079956054688]
[1826, 0.01740431785583496]
[1827, 0.016140222549438477]
[1828, 0.016028165817260742]
[1829, 0.017546892166137695]
[1830, 0.016579627990722656]
[1831, 0.016575098037719727]
[1832, 0.018946170806884766]
[1833, 0.016266584396362305]
[1834, 0.016143083572387695]
[1835, 0.01821303367614746]
[1836, 0.01643085479736328]
[1837, 0.016187191009521484]
[1838, 0.021950721740722656]
[1839, 0.016500234603881836]
[1840, 0.016220569610595703]
[1841, 0.021828413009643555]
[1842, 0.016331911087036133]
[1843, 0.01632213592529297]
[1844, 0.02182149887084961]
[1845, 0.016975879669189453]
[1846, 0.0204927921295166]
[1847, 0.01646280288696289]
[1848, 0.016559123992919922]
[1849, 0.017070293426513672]
[1850, 0.016541481018066406]
[1851, 0.016329526901245117]
[1852, 0.02153325080871582]
[1853, 0.01640152931213379]
[1854, 0.016430377960205078]
[1855, 0.02183818817138672]
[1856, 0.017006635665893555]
[1857, 0.016798019409179688]
[1858, 0.021751880645751953]
[1859, 0.016682147979736328]
[1860, 0.01642751693725586]
[1861, 0.021923065185546875]
[1862, 0.016607046127319336]
[1863, 0.016813993453979492]
[1864, 0.022285938262939453]
[1865, 0.016751527786254883]
[1866, 0.016715526580810547]
[1867, 0.021973133087158203]
[1868, 0.016921043395996094]
[1869, 0.01653575897216797]
[1870, 0.022001028060913086]
[1871, 0.016804218292236328]
[1872, 0.016421079635620117]
[1873, 0.01737499237060547]
[1874, 0.016431808471679688]
[1875, 0.016704082489013672]
[1876, 0.023532629013061523]
[1877, 0.01704573631286621]
[1878, 0.017113447189331055]
[1879, 0.02208423614501953]
[1880, 0.016881465911865234]
[1881, 0.016882658004760742]
[1882, 0.017058134078979492]
[1883, 0.01694512367248535]
[1884, 0.01709151268005371]
[1885, 0.016904592514038086]
[1886, 0.017161130905151367]
[1887, 0.016942977905273438]
[1888, 0.01712822914123535]
[1889, 0.016879796981811523]
[1890, 0.01667189598083496]
[1891, 0.018051624298095703]
[1892, 0.01729273796081543]
[1893, 0.01673269271850586]
[1894, 0.017333269119262695]
[1895, 0.016824007034301758]
[1896, 0.017047405242919922]
[1897, 0.01727771759033203]
[1898, 0.01725149154663086]
[1899, 0.01755666732788086]
[1900, 0.01696920394897461]
[1901, 0.017027616500854492]
[1902, 0.01713848114013672]
[1903, 0.01767730712890625]
[1904, 0.016768932342529297]
[1905, 0.017037153244018555]
[1906, 0.017873048782348633]
[1907, 0.017122268676757812]
[1908, 0.016829967498779297]
[1909, 0.018085241317749023]
[1910, 0.017209529876708984]
[1911, 0.017171382904052734]
[1912, 0.018549203872680664]
[1913, 0.017258882522583008]
[1914, 0.01723313331604004]
[1915, 0.01851630210876465]
[1916, 0.017114877700805664]
[1917, 0.01711273193359375]
[1918, 0.01900315284729004]
[1919, 0.01815509796142578]
[1920, 0.017043113708496094]
[1921, 0.023118972778320312]
[1922, 0.01726818084716797]
[1923, 0.017115116119384766]
[1924, 0.018944978713989258]
[1925, 0.017423152923583984]
[1926, 0.021779537200927734]
[1927, 0.01755666732788086]
[1928, 0.017206192016601562]
[1929, 0.022488117218017578]
[1930, 0.017706632614135742]
[1931, 0.017253637313842773]
[1932, 0.023587465286254883]
[1933, 0.017756938934326172]
[1934, 0.018019437789916992]
[1935, 0.02277994155883789]
[1936, 0.017560958862304688]
[1937, 0.018024206161499023]
[1938, 0.02302408218383789]
[1939, 0.017818450927734375]
[1940, 0.01728653907775879]
[1941, 0.022793292999267578]
[1942, 0.01766061782836914]
[1943, 0.019054651260375977]
[1944, 0.022795677185058594]
[1945, 0.017916202545166016]
[1946, 0.01737380027770996]
[1947, 0.02284097671508789]
[1948, 0.017543792724609375]
[1949, 0.01778268814086914]
[1950, 0.022757530212402344]
[1951, 0.017843008041381836]
[1952, 0.01748371124267578]
[1953, 0.01782369613647461]
[1954, 0.017794132232666016]
[1955, 0.0176236629486084]
[1956, 0.02037978172302246]
[1957, 0.01759195327758789]
[1958, 0.017836570739746094]
[1959, 0.019475936889648438]
[1960, 0.017879962921142578]
[1961, 0.017997026443481445]
[1962, 0.01857590675354004]
[1963, 0.01798725128173828]
[1964, 0.01764965057373047]
[1965, 0.019328832626342773]
[1966, 0.01812458038330078]
[1967, 0.017856121063232422]
[1968, 0.024148225784301758]
[1969, 0.018216609954833984]
[1970, 0.017806529998779297]
[1971, 0.023190736770629883]
[1972, 0.01852107048034668]
[1973, 0.018198251724243164]
[1974, 0.024165630340576172]
[1975, 0.01829838752746582]
[1976, 0.0177309513092041]
[1977, 0.023644208908081055]
[1978, 0.0183107852935791]
[1979, 0.023113727569580078]
[1980, 0.0182344913482666]
[1981, 0.017862319946289062]
[1982, 0.024258136749267578]
[1983, 0.018494367599487305]
[1984, 0.017960071563720703]
[1985, 0.023793935775756836]
[1986, 0.018418312072753906]
[1987, 0.017940521240234375]
[1988, 0.023947715759277344]
[1989, 0.018538951873779297]
[1990, 0.01793980598449707]
[1991, 0.023880720138549805]
[1992, 0.018345355987548828]
[1993, 0.01825571060180664]
[1994, 0.02395486831665039]
[1995, 0.01834702491760254]
[1996, 0.018256425857543945]
[1997, 0.023824214935302734]
[1998, 0.0183413028717041]
[1999, 0.01826953887939453]
[2000, 0.024089813232421875]
[2001, 0.019860267639160156]
[2002, 0.01889181137084961]
[2003, 0.023600339889526367]
[2004, 0.018108606338500977]
[2005, 0.018274307250976562]
[2006, 0.01949024200439453]
[2007, 0.018358707427978516]
[2008, 0.018160343170166016]
[2009, 0.020617961883544922]
[2010, 0.01833200454711914]
[2011, 0.01825118064880371]
[2012, 0.020239830017089844]
[2013, 0.018950700759887695]
[2014, 0.01834583282470703]
[2015, 0.020148515701293945]
[2016, 0.01924276351928711]
[2017, 0.01848745346069336]
[2018, 0.027889728546142578]
[2019, 0.018790483474731445]
[2020, 0.018748760223388672]
[2021, 0.02389359474182129]
[2022, 0.01894688606262207]
[2023, 0.01834583282470703]
[2024, 0.024504899978637695]
[2025, 0.01874685287475586]
[2026, 0.018888473510742188]
[2027, 0.02440047264099121]
[2028, 0.018822431564331055]
[2029, 0.018954038619995117]
[2030, 0.024468421936035156]
[2031, 0.01888585090637207]
[2032, 0.018879413604736328]
[2033, 0.01862812042236328]
[2034, 0.018900632858276367]
[2035, 0.018558263778686523]
[2036, 0.024180173873901367]
[2037, 0.01902914047241211]
[2038, 0.018906593322753906]
[2039, 0.024610519409179688]
[2040, 0.01905083656311035]
[2041, 0.018987178802490234]
[2042, 0.023719072341918945]
[2043, 0.018926620483398438]
[2044, 0.019134998321533203]
[2045, 0.02062082290649414]
[2046, 0.01891922950744629]
[2047, 0.01881241798400879]
[2048, 0.02649068832397461]
[2049, 0.019164085388183594]
[2050, 0.019135713577270508]
[2051, 0.0234830379486084]
[2052, 0.018880605697631836]
[2053, 0.019127607345581055]
[2054, 0.024550199508666992]
[2055, 0.019436120986938477]
[2056, 0.01914691925048828]
[2057, 0.025687694549560547]
[2058, 0.01913928985595703]
[2059, 0.02454972267150879]
[2060, 0.019291400909423828]
[2061, 0.019553422927856445]
[2062, 0.025383949279785156]
[2063, 0.019018888473510742]
[2064, 0.019176959991455078]
[2065, 0.02287578582763672]
[2066, 0.01918649673461914]
[2067, 0.01906871795654297]
[2068, 0.020673036575317383]
[2069, 0.019477128982543945]
[2070, 0.019740819931030273]
[2071, 0.021184206008911133]
[2072, 0.01923966407775879]
[2073, 0.01928424835205078]
[2074, 0.020967483520507812]
[2075, 0.019639015197753906]
[2076, 0.019816875457763672]
[2077, 0.02454519271850586]
[2078, 0.019839763641357422]
[2079, 0.019517898559570312]
[2080, 0.02456188201904297]
[2081, 0.019993305206298828]
[2082, 0.019331932067871094]
[2083, 0.02350473403930664]
[2084, 0.01952362060546875]
[2085, 0.019374847412109375]
[2086, 0.02156972885131836]
[2087, 0.01954960823059082]
[2088, 0.019879579544067383]
[2089, 0.02373361587524414]
[2090, 0.019546031951904297]
[2091, 0.019760847091674805]
[2092, 0.024372339248657227]
[2093, 0.019360065460205078]
[2094, 0.01968240737915039]
[2095, 0.02469921112060547]
[2096, 0.019550323486328125]
[2097, 0.019394636154174805]
[2098, 0.024434566497802734]
[2099, 0.019655942916870117]
[2100, 0.019589662551879883]
[2101, 0.024591922760009766]
[2102, 0.019693374633789062]
[2103, 0.019472837448120117]
[2104, 0.021482229232788086]
[2105, 0.02019214630126953]
[2106, 0.01993846893310547]
[2107, 0.022898197174072266]
[2108, 0.0203094482421875]
[2109, 0.019846439361572266]
[2110, 0.023111581802368164]
[2111, 0.019972801208496094]
[2112, 0.025398731231689453]
[2113, 0.02059769630432129]
[2114, 0.019938945770263672]
[2115, 0.022801637649536133]
[2116, 0.02237844467163086]
[2117, 0.021950244903564453]
[2118, 0.021944046020507812]
[2119, 0.02087259292602539]
[2120, 0.02000880241394043]
[2121, 0.021277427673339844]
[2122, 0.02010631561279297]
[2123, 0.022735118865966797]
[2124, 0.02359318733215332]
[2125, 0.02075362205505371]
[2126, 0.020527362823486328]
[2127, 0.021632671356201172]
[2128, 0.022036075592041016]
[2129, 0.02094745635986328]
[2130, 0.02152085304260254]
[2131, 0.02141261100769043]
[2132, 0.022308826446533203]
[2133, 0.02209305763244629]
[2134, 0.022282123565673828]
[2135, 0.020992279052734375]
[2136, 0.021221637725830078]
[2137, 0.02153754234313965]
[2138, 0.022446632385253906]
[2139, 0.020739078521728516]
[2140, 0.025889873504638672]
[2141, 0.020276784896850586]
[2142, 0.020309925079345703]
[2143, 0.023217439651489258]
[2144, 0.02303767204284668]
[2145, 0.020750999450683594]
[2146, 0.021070003509521484]
[2147, 0.022370338439941406]
[2148, 0.023232221603393555]
[2149, 0.02086949348449707]
[2150, 0.021310806274414062]
[2151, 0.021752357482910156]
[2152, 0.022804975509643555]
[2153, 0.021736621856689453]
[2154, 0.022618770599365234]
[2155, 0.02525162696838379]
[2156, 0.020566940307617188]
[2157, 0.02223825454711914]
[2158, 0.02068305015563965]
[2159, 0.022880077362060547]
[2160, 0.021147489547729492]
[2161, 0.021709442138671875]
[2162, 0.022607088088989258]
[2163, 0.02102375030517578]
[2164, 0.02067112922668457]
[2165, 0.022080183029174805]
[2166, 0.020796775817871094]
[2167, 0.022029638290405273]
[2168, 0.02079629898071289]
[2169, 0.021600961685180664]
[2170, 0.020711183547973633]
[2171, 0.02236199378967285]
[2172, 0.020656347274780273]
[2173, 0.02248072624206543]
[2174, 0.021587371826171875]
[2175, 0.022092103958129883]
[2176, 0.021730422973632812]
[2177, 0.02240133285522461]
[2178, 0.020963430404663086]
[2179, 0.022243738174438477]
[2180, 0.020910024642944336]
[2181, 0.02263784408569336]
[2182, 0.02231597900390625]
[2183, 0.0211179256439209]
[2184, 0.026619672775268555]
[2185, 0.0207974910736084]
[2186, 0.020981788635253906]
[2187, 0.022922039031982422]
[2188, 0.025274038314819336]
[2189, 0.0213623046875]
[2190, 0.022089242935180664]
[2191, 0.022724390029907227]
[2192, 0.024684429168701172]
[2193, 0.02140951156616211]
[2194, 0.02121877670288086]
[2195, 0.02198624610900879]
[2196, 0.021372318267822266]
[2197, 0.02243351936340332]
[2198, 0.021714448928833008]
[2199, 0.021653413772583008]
[2200, 0.021869421005249023]
[2201, 0.021685361862182617]
[2202, 0.02119898796081543]
[2203, 0.02341938018798828]
[2204, 0.02120065689086914]
[2205, 0.021132707595825195]
[2206, 0.022290706634521484]
[2207, 0.02147364616394043]
[2208, 0.021769285202026367]
[2209, 0.022478103637695312]
[2210, 0.0216982364654541]
[2211, 0.02387237548828125]
[2212, 0.021833419799804688]
[2213, 0.022066593170166016]
[2214, 0.021970033645629883]
[2215, 0.021466970443725586]
[2216, 0.021884918212890625]
[2217, 0.02241349220275879]
[2218, 0.023805856704711914]
[2219, 0.02185678482055664]
[2220, 0.024248123168945312]
[2221, 0.02177596092224121]
[2222, 0.023417234420776367]
[2223, 0.022367238998413086]
[2224, 0.021530866622924805]
[2225, 0.022530317306518555]
[2226, 0.021903514862060547]
[2227, 0.02230978012084961]
[2228, 0.022086620330810547]
[2229, 0.021869897842407227]
[2230, 0.02170586585998535]
[2231, 0.02332162857055664]
[2232, 0.02368783950805664]
[2233, 0.023027896881103516]
[2234, 0.025745630264282227]
[2235, 0.022142887115478516]
[2236, 0.02390909194946289]
[2237, 0.02265143394470215]
[2238, 0.02506852149963379]
[2239, 0.021723031997680664]
[2240, 0.0258786678314209]
[2241, 0.022252321243286133]
[2242, 0.024601221084594727]
[2243, 0.02252984046936035]
[2244, 0.025071382522583008]
[2245, 0.022464990615844727]
[2246, 0.02429485321044922]
[2247, 0.023623943328857422]
[2248, 0.02640223503112793]
[2249, 0.022047758102416992]
[2250, 0.023923397064208984]
[2251, 0.02252960205078125]
[2252, 0.025864601135253906]
[2253, 0.022532224655151367]
[2254, 0.024790525436401367]
[2255, 0.022732257843017578]
[2256, 0.02610635757446289]
[2257, 0.022754192352294922]
[2258, 0.025521516799926758]
[2259, 0.022211551666259766]
[2260, 0.02408909797668457]
[2261, 0.023846149444580078]
[2262, 0.026564836502075195]
[2263, 0.022573471069335938]
[2264, 0.02606487274169922]
[2265, 0.022821426391601562]
[2266, 0.025292158126831055]
[2267, 0.022866010665893555]
[2268, 0.024902820587158203]
[2269, 0.022761821746826172]
[2270, 0.025786638259887695]
[2271, 0.02273106575012207]
[2272, 0.024839401245117188]
[2273, 0.022761106491088867]
[2274, 0.026107311248779297]
[2275, 0.02272510528564453]
[2276, 0.02778339385986328]
[2277, 0.022991657257080078]
[2278, 0.0225069522857666]
[2279, 0.02337479591369629]
[2280, 0.024445533752441406]
[2281, 0.02304840087890625]
[2282, 0.029248714447021484]
[2283, 0.02270364761352539]
[2284, 0.025359153747558594]
[2285, 0.023053407669067383]
[2286, 0.028206348419189453]
[2287, 0.026749372482299805]
[2288, 0.0281827449798584]
[2289, 0.02277851104736328]
[2290, 0.022293567657470703]
[2291, 0.024363279342651367]
[2292, 0.026404857635498047]
[2293, 0.02307724952697754]
[2294, 0.024842262268066406]
[2295, 0.023236751556396484]
[2296, 0.026961803436279297]
[2297, 0.022995471954345703]
[2298, 0.025658130645751953]
[2299, 0.02284407615661621]
[2300, 0.026575088500976562]
[2301, 0.022976398468017578]
[2302, 0.02270984649658203]
[2303, 0.023057937622070312]
[2304, 0.027454137802124023]
[2305, 0.02324986457824707]
[2306, 0.02338409423828125]
[2307, 0.023085355758666992]
[2308, 0.0228269100189209]
[2309, 0.0232393741607666]
[2310, 0.023135900497436523]
[2311, 0.023026227951049805]
[2312, 0.02468085289001465]
[2313, 0.022513151168823242]
[2314, 0.023135900497436523]
[2315, 0.024780988693237305]
[2316, 0.022733211517333984]
[2317, 0.023203611373901367]
[2318, 0.022818565368652344]
[2319, 0.023344039916992188]
[2320, 0.022886991500854492]
[2321, 0.02346181869506836]
[2322, 0.02320718765258789]
[2323, 0.023523807525634766]
[2324, 0.023183345794677734]
[2325, 0.023432493209838867]
[2326, 0.022688865661621094]
[2327, 0.02327871322631836]
[2328, 0.023169755935668945]
[2329, 0.02336859703063965]
[2330, 0.022818565368652344]
[2331, 0.023720264434814453]
[2332, 0.023816585540771484]
[2333, 0.023505687713623047]
[2334, 0.024481534957885742]
[2335, 0.022854328155517578]
[2336, 0.023167848587036133]
[2337, 0.02393198013305664]
[2338, 0.024544954299926758]
[2339, 0.02330756187438965]
[2340, 0.023740530014038086]
[2341, 0.023348569869995117]
[2342, 0.02716207504272461]
[2343, 0.02305293083190918]
[2344, 0.02382183074951172]
[2345, 0.02338576316833496]
[2346, 0.027886390686035156]
[2347, 0.024657011032104492]
[2348, 0.028194904327392578]
[2349, 0.02320575714111328]
[2350, 0.027048110961914062]
[2351, 0.023485660552978516]
[2352, 0.027469635009765625]
[2353, 0.023688793182373047]
[2354, 0.0272824764251709]
[2355, 0.02326655387878418]
[2356, 0.02887129783630371]
[2357, 0.02348184585571289]
[2358, 0.026737689971923828]
[2359, 0.024245500564575195]
[2360, 0.02802109718322754]
[2361, 0.023429393768310547]
[2362, 0.027103424072265625]
[2363, 0.023810625076293945]
[2364, 0.028160572052001953]
[2365, 0.023533105850219727]
[2366, 0.027840137481689453]
[2367, 0.023837804794311523]
[2368, 0.027224302291870117]
[2369, 0.023911476135253906]
[2370, 0.028282642364501953]
[2371, 0.023707866668701172]
[2372, 0.027754545211791992]
[2373, 0.023880958557128906]
[2374, 0.027638912200927734]
[2375, 0.023690462112426758]
[2376, 0.02758932113647461]
[2377, 0.02344679832458496]
[2378, 0.030369043350219727]
[2379, 0.023921966552734375]
[2380, 0.027323484420776367]
[2381, 0.024246692657470703]
[2382, 0.027724742889404297]
[2383, 0.023796558380126953]
[2384, 0.02904653549194336]
[2385, 0.023730993270874023]
[2386, 0.0278775691986084]
[2387, 0.024051427841186523]
[2388, 0.027443647384643555]
[2389, 0.0241086483001709]
[2390, 0.02850937843322754]
[2391, 0.023775815963745117]
[2392, 0.028021812438964844]
[2393, 0.024357318878173828]
[2394, 0.028685569763183594]
[2395, 0.024023771286010742]
[2396, 0.02827620506286621]
[2397, 0.024092435836791992]
[2398, 0.02832651138305664]
[2399, 0.02423548698425293]
[2400, 0.028951168060302734]
[2401, 0.023890256881713867]
[2402, 0.02969813346862793]
[2403, 0.024077892303466797]
[2404, 0.028110980987548828]
[2405, 0.024301767349243164]
[2406, 0.024065256118774414]
[2407, 0.024366140365600586]
[2408, 0.029097318649291992]
[2409, 0.024349451065063477]
[2410, 0.029183149337768555]
[2411, 0.02501368522644043]
[2412, 0.02861618995666504]
[2413, 0.024247169494628906]
[2414, 0.028363466262817383]
[2415, 0.024276018142700195]
[2416, 0.02873849868774414]
[2417, 0.025671720504760742]
[2418, 0.02927398681640625]
[2419, 0.02428722381591797]
[2420, 0.03174901008605957]
[2421, 0.024732589721679688]
[2422, 0.029121875762939453]
[2423, 0.0343775749206543]
[2424, 0.031139612197875977]
[2425, 0.024024248123168945]
[2426, 0.028028249740600586]
[2427, 0.0243222713470459]
[2428, 0.02881789207458496]
[2429, 0.02448558807373047]
[2430, 0.02886343002319336]
[2431, 0.02432107925415039]
[2432, 0.02916431427001953]
[2433, 0.024465560913085938]
[2434, 0.02874612808227539]
[2435, 0.024544477462768555]
[2436, 0.029274940490722656]
[2437, 0.024547100067138672]
[2438, 0.028860092163085938]
[2439, 0.0246431827545166]
[2440, 0.02900075912475586]
[2441, 0.024682283401489258]
[2442, 0.02921438217163086]
[2443, 0.02440500259399414]
[2444, 0.02872300148010254]
[2445, 0.024643898010253906]
[2446, 0.02918410301208496]
[2447, 0.02504754066467285]
[2448, 0.030429363250732422]
[2449, 0.024334430694580078]
[2450, 0.03080296516418457]
[2451, 0.030860424041748047]
[2452, 0.025643110275268555]
[2453, 0.024829626083374023]
[2454, 0.02532029151916504]
[2455, 0.03871870040893555]
[2456, 0.02504134178161621]
[2457, 0.025745391845703125]
[2458, 0.0248260498046875]
[2459, 0.027124643325805664]
[2460, 0.024820566177368164]
[2461, 0.02648448944091797]
[2462, 0.025353431701660156]
[2463, 0.02552032470703125]
[2464, 0.02505803108215332]
[2465, 0.0263519287109375]
[2466, 0.024828433990478516]
[2467, 0.025509119033813477]
[2468, 0.02489328384399414]
[2469, 0.02645730972290039]
[2470, 0.024829387664794922]
[2471, 0.026459455490112305]
[2472, 0.024980783462524414]
[2473, 0.026982545852661133]
[2474, 0.025043964385986328]
[2475, 0.026230812072753906]
[2476, 0.024909257888793945]
[2477, 0.03030991554260254]
[2478, 0.025269746780395508]
[2479, 0.029473304748535156]
[2480, 0.02506399154663086]
[2481, 0.030268430709838867]
[2482, 0.025141477584838867]
[2483, 0.030117511749267578]
[2484, 0.025218963623046875]
[2485, 0.031159162521362305]
[2486, 0.025289535522460938]
[2487, 0.030640840530395508]
[2488, 0.025364398956298828]
[2489, 0.03142809867858887]
[2490, 0.02541947364807129]
[2491, 0.030788660049438477]
[2492, 0.025722980499267578]
[2493, 0.031147480010986328]
[2494, 0.02567768096923828]
[2495, 0.030776500701904297]
[2496, 0.025693416595458984]
[2497, 0.03071451187133789]
[2498, 0.0255124568939209]
[2499, 0.03075885772705078]
[2500, 0.025844573974609375]
[2501, 0.03068375587463379]
[2502, 0.025548696517944336]
[2503, 0.029834985733032227]
[2504, 0.026526689529418945]
[2505, 0.02962017059326172]
[2506, 0.025509119033813477]
[2507, 0.03012251853942871]
[2508, 0.02567005157470703]
[2509, 0.030591487884521484]
[2510, 0.025683879852294922]
[2511, 0.030637502670288086]
[2512, 0.025727272033691406]
[2513, 0.03047490119934082]
[2514, 0.02560114860534668]
[2515, 0.030430078506469727]
[2516, 0.025911808013916016]
[2517, 0.030829906463623047]
[2518, 0.025744199752807617]
[2519, 0.030817031860351562]
[2520, 0.025604963302612305]
[2521, 0.031398773193359375]
[2522, 0.02619457244873047]
[2523, 0.032021522521972656]
[2524, 0.02608633041381836]
[2525, 0.030980587005615234]
[2526, 0.02574443817138672]
[2527, 0.030953645706176758]
[2528, 0.02620840072631836]
[2529, 0.030802488327026367]
[2530, 0.02602553367614746]
[2531, 0.03084850311279297]
[2532, 0.025887727737426758]
[2533, 0.031278133392333984]
[2534, 0.02663564682006836]
[2535, 0.0316162109375]
[2536, 0.02582573890686035]
[2537, 0.027533769607543945]
[2538, 0.026030778884887695]
[2539, 0.0279238224029541]
[2540, 0.02646183967590332]
[2541, 0.027740955352783203]
[2542, 0.026128053665161133]
[2543, 0.027933597564697266]
[2544, 0.026490449905395508]
[2545, 0.027578353881835938]
[2546, 0.02620410919189453]
[2547, 0.032334327697753906]
[2548, 0.026290416717529297]
[2549, 0.03188657760620117]
[2550, 0.02646780014038086]
[2551, 0.03163719177246094]
[2552, 0.02603316307067871]
[2553, 0.03143572807312012]
[2554, 0.026521921157836914]
[2555, 0.02725076675415039]
[2556, 0.027513980865478516]
[2557, 0.031903743743896484]
[2558, 0.026100635528564453]
[2559, 0.03113579750061035]
[2560, 0.026779651641845703]
[2561, 0.030755281448364258]
[2562, 0.02605581283569336]
[2563, 0.0321347713470459]
[2564, 0.02701401710510254]
[2565, 0.03215503692626953]
[2566, 0.026476621627807617]
[2567, 0.031094074249267578]
[2568, 0.026707172393798828]
[2569, 0.031684160232543945]
[2570, 0.02654266357421875]
[2571, 0.03170156478881836]
[2572, 0.02654433250427246]
[2573, 0.03150629997253418]
[2574, 0.026655912399291992]
[2575, 0.03192138671875]
[2576, 0.026810169219970703]
[2577, 0.03192758560180664]
[2578, 0.026726484298706055]
[2579, 0.031877994537353516]
[2580, 0.02715277671813965]
[2581, 0.030261754989624023]
[2582, 0.02660226821899414]
[2583, 0.028441667556762695]
[2584, 0.026791095733642578]
[2585, 0.02695751190185547]
[2586, 0.026412010192871094]
[2587, 0.027387380599975586]
[2588, 0.026700735092163086]
[2589, 0.027021169662475586]
[2590, 0.02648305892944336]
[2591, 0.027120590209960938]
[2592, 0.026842594146728516]
[2593, 0.02714085578918457]
[2594, 0.026834726333618164]
[2595, 0.027121305465698242]
[2596, 0.026578426361083984]
[2597, 0.027078628540039062]
[2598, 0.026905298233032227]
[2599, 0.02718496322631836]
[2600, 0.026853322982788086]
[2601, 0.027105093002319336]
[2602, 0.02677297592163086]
[2603, 0.02752852439880371]
[2604, 0.02684640884399414]
[2605, 0.02727341651916504]
[2606, 0.026842594146728516]
[2607, 0.027614593505859375]
[2608, 0.02686285972595215]
[2609, 0.027096271514892578]
[2610, 0.026897192001342773]
[2611, 0.027033090591430664]
[2612, 0.027267932891845703]
[2613, 0.027675628662109375]
[2614, 0.027261972427368164]
[2615, 0.027190446853637695]
[2616, 0.02702045440673828]
[2617, 0.0272674560546875]
[2618, 0.02716851234436035]
[2619, 0.02736067771911621]
[2620, 0.02732992172241211]
[2621, 0.027589797973632812]
[2622, 0.027385234832763672]
[2623, 0.027874469757080078]
[2624, 0.027288198471069336]
[2625, 0.027659177780151367]
[2626, 0.02724146842956543]
[2627, 0.027665376663208008]
[2628, 0.027123212814331055]
[2629, 0.027933120727539062]
[2630, 0.02712702751159668]
[2631, 0.02744007110595703]
[2632, 0.027452945709228516]
[2633, 0.027634143829345703]
[2634, 0.027268409729003906]
[2635, 0.028155803680419922]
[2636, 0.027324676513671875]
[2637, 0.02796459197998047]
[2638, 0.027681589126586914]
[2639, 0.027995824813842773]
[2640, 0.02750563621520996]
[2641, 0.02801513671875]
[2642, 0.027610301971435547]
[2643, 0.027925968170166016]
[2644, 0.02718830108642578]
[2645, 0.027922630310058594]
[2646, 0.027524709701538086]
[2647, 0.028088092803955078]
[2648, 0.02738475799560547]
[2649, 0.02814769744873047]
[2650, 0.028176546096801758]
[2651, 0.028291702270507812]
[2652, 0.03020787239074707]
[2653, 0.02983260154724121]
[2654, 0.02781987190246582]
[2655, 0.02949810028076172]
[2656, 0.027950286865234375]
[2657, 0.030439376831054688]
[2658, 0.028057575225830078]
[2659, 0.03085184097290039]
[2660, 0.028096675872802734]
[2661, 0.029150724411010742]
[2662, 0.027787208557128906]
[2663, 0.029628992080688477]
[2664, 0.028187036514282227]
[2665, 0.03361225128173828]
[2666, 0.027808427810668945]
[2667, 0.03363847732543945]
[2668, 0.028209686279296875]
[2669, 0.03396177291870117]
[2670, 0.028119802474975586]
[2671, 0.03634524345397949]
[2672, 0.032102346420288086]
[2673, 0.03208565711975098]
[2674, 0.033031463623046875]
[2675, 0.03227639198303223]
[2676, 0.03137540817260742]
[2677, 0.03320026397705078]
[2678, 0.03404545783996582]
[2679, 0.038507938385009766]
[2680, 0.0333101749420166]
[2681, 0.034528493881225586]
[2682, 0.03181719779968262]
[2683, 0.03396034240722656]
[2684, 0.03139472007751465]
[2685, 0.037934064865112305]
[2686, 0.03308725357055664]
[2687, 0.04012131690979004]
[2688, 0.03364849090576172]
[2689, 0.03909039497375488]
[2690, 0.028480052947998047]
[2691, 0.029783248901367188]
[2692, 0.028795719146728516]
[2693, 0.03088235855102539]
[2694, 0.028232097625732422]
[2695, 0.03017878532409668]
[2696, 0.028123855590820312]
[2697, 0.0332794189453125]
[2698, 0.0312652587890625]
[2699, 0.036708831787109375]
[2700, 0.03229379653930664]
[2701, 0.032025814056396484]
[2702, 0.030066251754760742]
[2703, 0.03167557716369629]
[2704, 0.033118247985839844]
[2705, 0.03786444664001465]
[2706, 0.03191876411437988]
[2707, 0.04080629348754883]
[2708, 0.03087329864501953]
[2709, 0.035254716873168945]
[2710, 0.029561758041381836]
[2711, 0.02935647964477539]
[2712, 0.0292356014251709]
[2713, 0.029842615127563477]
[2714, 0.03450202941894531]
[2715, 0.03130793571472168]
[2716, 0.03127694129943848]
[2717, 0.0296475887298584]
[2718, 0.03245091438293457]
[2719, 0.029824018478393555]
[2720, 0.033495187759399414]
[2721, 0.03132176399230957]
[2722, 0.031909942626953125]
[2723, 0.030905961990356445]
[2724, 0.03299736976623535]
[2725, 0.03849315643310547]
[2726, 0.029072046279907227]
[2727, 0.03804945945739746]
[2728, 0.03135490417480469]
[2729, 0.03792071342468262]
[2730, 0.029334545135498047]
[2731, 0.035021305084228516]
[2732, 0.029105424880981445]
[2733, 0.030808687210083008]
[2734, 0.03455328941345215]
[2735, 0.029116392135620117]
[2736, 0.030601978302001953]
[2737, 0.03293108940124512]
[2738, 0.036142587661743164]
[2739, 0.030182838439941406]
[2740, 0.03567981719970703]
[2741, 0.029514312744140625]
[2742, 0.03528594970703125]
[2743, 0.02906656265258789]
[2744, 0.03467059135437012]
[2745, 0.029079437255859375]
[2746, 0.029560565948486328]
[2747, 0.02904987335205078]
[2748, 0.029397249221801758]
[2749, 0.02948904037475586]
[2750, 0.029417991638183594]
[2751, 0.029093503952026367]
[2752, 0.02919316291809082]
[2753, 0.02959728240966797]
[2754, 0.029131412506103516]
[2755, 0.02952861785888672]
[2756, 0.02952432632446289]
[2757, 0.029348373413085938]
[2758, 0.02912425994873047]
[2759, 0.029531002044677734]
[2760, 0.029418468475341797]
[2761, 0.030071258544921875]
[2762, 0.02926492691040039]
[2763, 0.02975630760192871]
[2764, 0.02919149398803711]
[2765, 0.02969837188720703]
[2766, 0.029284954071044922]
[2767, 0.030271053314208984]
[2768, 0.029321670532226562]
[2769, 0.029880523681640625]
[2770, 0.02983403205871582]
[2771, 0.02940201759338379]
[2772, 0.029737234115600586]
[2773, 0.029294252395629883]
[2774, 0.030126571655273438]
[2775, 0.02991938591003418]
[2776, 0.029883623123168945]
[2777, 0.029333114624023438]
[2778, 0.029890775680541992]
[2779, 0.029774188995361328]
[2780, 0.02976512908935547]
[2781, 0.029530048370361328]
[2782, 0.03029632568359375]
[2783, 0.030058622360229492]
[2784, 0.029889583587646484]
[2785, 0.029639005661010742]
[2786, 0.030037403106689453]
[2787, 0.029922962188720703]
[2788, 0.030172109603881836]
[2789, 0.029694080352783203]
[2790, 0.030037403106689453]
[2791, 0.030474185943603516]
[2792, 0.0298616886138916]
[2793, 0.03023076057434082]
[2794, 0.030186176300048828]
[2795, 0.030138492584228516]
[2796, 0.029865264892578125]
[2797, 0.03030705451965332]
[2798, 0.030300140380859375]
[2799, 0.030211925506591797]
[2800, 0.02981281280517578]
[2801, 0.030577898025512695]
[2802, 0.02986741065979004]
[2803, 0.030342578887939453]
[2804, 0.030115127563476562]
[2805, 0.030193090438842773]
[2806, 0.0298159122467041]
[2807, 0.030394792556762695]
[2808, 0.030491113662719727]
[2809, 0.030258893966674805]
[2810, 0.0303189754486084]
[2811, 0.02987384796142578]
[2812, 0.03042125701904297]
[2813, 0.029894113540649414]
[2814, 0.030584096908569336]
[2815, 0.030130863189697266]
[2816, 0.0303957462310791]
[2817, 0.030254840850830078]
[2818, 0.03092646598815918]
[2819, 0.030585289001464844]
[2820, 0.03042149543762207]
[2821, 0.030517578125]
[2822, 0.030514240264892578]
[2823, 0.030075550079345703]
[2824, 0.030675888061523438]
[2825, 0.030359506607055664]
[2826, 0.03081035614013672]
[2827, 0.030998706817626953]
[2828, 0.030574560165405273]
[2829, 0.03062605857849121]
[2830, 0.03029632568359375]
[2831, 0.030622005462646484]
[2832, 0.03034663200378418]
[2833, 0.030876636505126953]
[2834, 0.030858755111694336]
[2835, 0.030695676803588867]
[2836, 0.030898332595825195]
[2837, 0.030742883682250977]
[2838, 0.03083634376525879]
[2839, 0.030808687210083008]
[2840, 0.030598163604736328]
[2841, 0.03120112419128418]
[2842, 0.030838489532470703]
[2843, 0.030876636505126953]
[2844, 0.031111478805541992]
[2845, 0.03101634979248047]
[2846, 0.03064417839050293]
[2847, 0.03130841255187988]
[2848, 0.030607938766479492]
[2849, 0.03138613700866699]
[2850, 0.030694961547851562]
[2851, 0.0310666561126709]
[2852, 0.031290292739868164]
[2853, 0.03138446807861328]
[2854, 0.030730009078979492]
[2855, 0.03126811981201172]
[2856, 0.031038284301757812]
[2857, 0.031299591064453125]
[2858, 0.030671119689941406]
[2859, 0.03111886978149414]
[2860, 0.03110504150390625]
[2861, 0.031221628189086914]
[2862, 0.031154155731201172]
[2863, 0.031250715255737305]
[2864, 0.031250715255737305]
[2865, 0.031007766723632812]
[2866, 0.031591176986694336]
[2867, 0.030612707138061523]
[2868, 0.03153491020202637]
[2869, 0.031003952026367188]
[2870, 0.0311887264251709]
[2871, 0.03141069412231445]
[2872, 0.03163623809814453]
[2873, 0.031043291091918945]
[2874, 0.03162980079650879]
[2875, 0.03149747848510742]
[2876, 0.03139328956604004]
[2877, 0.03133726119995117]
[2878, 0.03138995170593262]
[2879, 0.031606197357177734]
[2880, 0.03130316734313965]
[2881, 0.031766414642333984]
[2882, 0.031481027603149414]
[2883, 0.031905174255371094]
[2884, 0.03142404556274414]
[2885, 0.03201937675476074]
[2886, 0.031565189361572266]
[2887, 0.031950950622558594]
[2888, 0.03186345100402832]
[2889, 0.03195619583129883]
[2890, 0.03137350082397461]
[2891, 0.032204627990722656]
[2892, 0.03170967102050781]
[2893, 0.03704667091369629]
[2894, 0.0313410758972168]
[2895, 0.03219151496887207]
[2896, 0.031432151794433594]
[2897, 0.03680086135864258]
[2898, 0.03213691711425781]
[2899, 0.038080692291259766]
[2900, 0.03132438659667969]
[2901, 0.038066864013671875]
[2902, 0.032422780990600586]
[2903, 0.03783297538757324]
[2904, 0.03191018104553223]
[2905, 0.03797578811645508]
[2906, 0.0323328971862793]
[2907, 0.03797340393066406]
[2908, 0.03195643424987793]
[2909, 0.03755378723144531]
[2910, 0.031649112701416016]
[2911, 0.037740468978881836]
[2912, 0.03284788131713867]
[2913, 0.032668352127075195]
[2914, 0.03776741027832031]
[2915, 0.031995296478271484]
[2916, 0.03735613822937012]
[2917, 0.0322566032409668]
[2918, 0.0320887565612793]
[2919, 0.03193855285644531]
[2920, 0.0324094295501709]
[2921, 0.0320582389831543]
[2922, 0.03232264518737793]
[2923, 0.03210043907165527]
[2924, 0.03251504898071289]
[2925, 0.03236865997314453]
[2926, 0.032244205474853516]
[2927, 0.03213334083557129]
[2928, 0.03236031532287598]
[2929, 0.031800270080566406]
