[0, 2.384185791015625e-06]
[1, 2.384185791015625e-06]
[2, 1.9073486328125e-06]
[3, 2.1457672119140625e-06]
[4, 2.384185791015625e-06]
[5, 2.384185791015625e-06]
[6, 2.86102294921875e-06]
[7, 2.6226043701171875e-06]
[8, 2.86102294921875e-06]
[9, 2.86102294921875e-06]
[10, 3.337860107421875e-06]
[11, 3.814697265625e-06]
[12, 3.814697265625e-06]
[13, 4.291534423828125e-06]
[14, 4.291534423828125e-06]
[15, 4.76837158203125e-06]
[16, 4.5299530029296875e-06]
[17, 4.5299530029296875e-06]
[18, 4.76837158203125e-06]
[19, 5.7220458984375e-06]
[20, 5.245208740234375e-06]
[21, 5.9604644775390625e-06]
[22, 5.245208740234375e-06]
[23, 5.4836273193359375e-06]
[24, 5.9604644775390625e-06]
[25, 6.4373016357421875e-06]
[26, 4.5299530029296875e-06]
[27, 6.4373016357421875e-06]
[28, 7.62939453125e-06]
[29, 7.62939453125e-06]
[30, 8.106231689453125e-06]
[31, 7.867813110351562e-06]
[32, 8.344650268554688e-06]
[33, 8.344650268554688e-06]
[34, 9.298324584960938e-06]
[35, 9.298324584960938e-06]
[36, 9.5367431640625e-06]
[37, 1.0013580322265625e-05]
[38, 9.5367431640625e-06]
[39, 1.0251998901367188e-05]
[40, 1.0728836059570312e-05]
[41, 1.0967254638671875e-05]
[42, 1.049041748046875e-05]
[43, 1.1444091796875e-05]
[44, 1.1444091796875e-05]
[45, 1.2159347534179688e-05]
[46, 1.1920928955078125e-05]
[47, 1.2159347534179688e-05]
[48, 1.2159347534179688e-05]
[49, 1.2874603271484375e-05]
[50, 1.3113021850585938e-05]
[51, 1.3589859008789062e-05]
[52, 1.3113021850585938e-05]
[53, 1.3828277587890625e-05]
[54, 1.430511474609375e-05]
[55, 1.4543533325195312e-05]
[56, 1.3828277587890625e-05]
[57, 1.5020370483398438e-05]
[58, 1.5020370483398438e-05]
[59, 1.4781951904296875e-05]
[60, 1.6689300537109375e-05]
[61, 1.621246337890625e-05]
[62, 1.621246337890625e-05]
[63, 1.8358230590820312e-05]
[64, 1.8358230590820312e-05]
[65, 5.4836273193359375e-05]
[66, 5.14984130859375e-05]
[67, 5.245208740234375e-05]
[68, 5.030632019042969e-05]
[69, 5.269050598144531e-05]
[70, 5.53131103515625e-05]
[71, 5.125999450683594e-05]
[72, 4.792213439941406e-05]
[73, 5.602836608886719e-05]
[74, 5.745887756347656e-05]
[75, 4.839897155761719e-05]
[76, 5.91278076171875e-05]
[77, 5.1021575927734375e-05]
[78, 3.719329833984375e-05]
[79, 3.24249267578125e-05]
[80, 3.647804260253906e-05]
[81, 3.910064697265625e-05]
[82, 5.9604644775390625e-05]
[83, 6.198883056640625e-05]
[84, 6.651878356933594e-05]
[85, 6.508827209472656e-05]
[86, 6.270408630371094e-05]
[87, 5.078315734863281e-05]
[88, 6.794929504394531e-05]
[89, 6.389617919921875e-05]
[90, 4.863739013671875e-05]
[91, 7.104873657226562e-05]
[92, 6.604194641113281e-05]
[93, 6.842613220214844e-05]
[94, 7.319450378417969e-05]
[95, 6.604194641113281e-05]
[96, 7.200241088867188e-05]
[97, 7.081031799316406e-05]
[98, 4.4345855712890625e-05]
[99, 6.246566772460938e-05]
[100, 7.462501525878906e-05]
[101, 7.62939453125e-05]
[102, 6.270408630371094e-05]
[103, 8.344650268554688e-05]
[104, 7.557868957519531e-05]
[105, 7.557868957519531e-05]
[106, 8.0108642578125e-05]
[107, 7.82012939453125e-05]
[108, 8.034706115722656e-05]
[109, 7.915496826171875e-05]
[110, 7.939338684082031e-05]
[111, 8.416175842285156e-05]
[112, 7.605552673339844e-05]
[113, 8.296966552734375e-05]
[114, 5.602836608886719e-05]
[115, 7.867813110351562e-05]
[116, 8.273124694824219e-05]
[117, 8.726119995117188e-05]
[118, 8.416175842285156e-05]
[119, 8.96453857421875e-05]
[120, 8.559226989746094e-05]
[121, 8.916854858398438e-05]
[122, 8.0108642578125e-05]
[123, 8.559226989746094e-05]
[124, 8.96453857421875e-05]
[125, 9.226799011230469e-05]
[126, 8.893013000488281e-05]
[127, 9.417533874511719e-05]
[128, 8.893013000488281e-05]
[129, 0.00012755393981933594]
[130, 0.00010967254638671875]
[131, 0.0001575946807861328]
[132, 0.00016260147094726562]
[133, 0.0001659393310546875]
[134, 0.0001659393310546875]
[135, 0.00015211105346679688]
[136, 0.0001690387725830078]
[137, 0.00016570091247558594]
[138, 0.00016069412231445312]
[139, 0.00018167495727539062]
[140, 0.0001583099365234375]
[141, 0.00015544891357421875]
[142, 0.0001709461212158203]
[143, 0.00017380714416503906]
[144, 0.00016832351684570312]
[145, 0.0001430511474609375]
[146, 9.202957153320312e-05]
[147, 9.083747863769531e-05]
[148, 9.083747863769531e-05]
[149, 9.131431579589844e-05]
[150, 9.632110595703125e-05]
[151, 0.00013780593872070312]
[152, 0.0001690387725830078]
[153, 9.942054748535156e-05]
[154, 9.632110595703125e-05]
[155, 9.560585021972656e-05]
[156, 9.608268737792969e-05]
[157, 9.512901306152344e-05]
[158, 9.72747802734375e-05]
[159, 9.799003601074219e-05]
[160, 9.799003601074219e-05]
[161, 9.846687316894531e-05]
[162, 9.870529174804688e-05]
[163, 9.989738464355469e-05]
[164, 0.00010037422180175781]
[165, 0.00010013580322265625]
[166, 0.0001010894775390625]
[167, 0.0001010894775390625]
[168, 0.00010228157043457031]
[169, 0.00010228157043457031]
[170, 0.00010251998901367188]
[171, 0.00010514259338378906]
[172, 0.00010514259338378906]
[173, 0.00010514259338378906]
[174, 0.00010561943054199219]
[175, 0.00010633468627929688]
[176, 0.00010728836059570312]
[177, 0.00010704994201660156]
[178, 0.00010728836059570312]
[179, 0.00010800361633300781]
[180, 0.0001087188720703125]
[181, 0.00010991096496582031]
[182, 0.00011038780212402344]
[183, 0.0001125335693359375]
[184, 0.00011205673217773438]
[185, 0.00011301040649414062]
[186, 0.00011563301086425781]
[187, 0.00011491775512695312]
[188, 0.0001163482666015625]
[189, 0.00011658668518066406]
[190, 0.000118255615234375]
[191, 0.00011754035949707031]
[192, 0.00011777877807617188]
[193, 0.0001373291015625]
[194, 0.0001201629638671875]
[195, 0.00011897087097167969]
[196, 0.00011992454528808594]
[197, 0.00012040138244628906]
[198, 0.00012230873107910156]
[199, 0.00012135505676269531]
[200, 0.00012254714965820312]
[201, 0.00012254714965820312]
[202, 0.00012302398681640625]
[203, 0.00012350082397460938]
[204, 0.00012493133544921875]
[205, 0.0001266002655029297]
[206, 0.000125885009765625]
[207, 0.000125885009765625]
[208, 0.0001270771026611328]
[209, 0.0001270771026611328]
[210, 0.0001289844512939453]
[211, 0.0001277923583984375]
[212, 0.00012826919555664062]
[213, 0.00012969970703125]
[214, 0.00013113021850585938]
[215, 0.00013184547424316406]
[216, 0.0001327991485595703]
[217, 0.00013256072998046875]
[218, 0.00013208389282226562]
[219, 0.0001347064971923828]
[220, 0.00013256072998046875]
[221, 0.0001354217529296875]
[222, 0.00015544891357421875]
[223, 0.0001373291015625]
[224, 0.0001628398895263672]
[225, 0.00014519691467285156]
[226, 0.00013780593872070312]
[227, 0.0001647472381591797]
[228, 0.00014019012451171875]
[229, 0.00016188621520996094]
[230, 0.00014853477478027344]
[231, 0.0001506805419921875]
[232, 0.00015115737915039062]
[233, 0.00014925003051757812]
[234, 0.00014209747314453125]
[235, 0.00016307830810546875]
[236, 0.00014781951904296875]
[237, 0.00014495849609375]
[238, 0.00016927719116210938]
[239, 0.00015401840209960938]
[240, 0.0001468658447265625]
[241, 0.0001621246337890625]
[242, 0.0001659393310546875]
[243, 0.00015687942504882812]
[244, 0.00014901161193847656]
[245, 0.00016808509826660156]
[246, 0.00017404556274414062]
[247, 0.00016570091247558594]
[248, 0.00024390220642089844]
[249, 0.0002307891845703125]
[250, 0.0001723766326904297]
[251, 0.00016641616821289062]
[252, 0.0001671314239501953]
[253, 0.00017833709716796875]
[254, 0.00015544891357421875]
[255, 0.0001659393310546875]
[256, 0.00018262863159179688]
[257, 0.00017690658569335938]
[258, 0.00020885467529296875]
[259, 0.00022482872009277344]
[260, 0.0002415180206298828]
[261, 0.00024175643920898438]
[262, 0.00025391578674316406]
[263, 0.000255584716796875]
[264, 0.0002574920654296875]
[265, 0.0002620220184326172]
[266, 0.0002624988555908203]
[267, 0.0002655982971191406]
[268, 0.0002415180206298828]
[269, 0.00024247169494628906]
[270, 0.0002682209014892578]
[271, 0.0002613067626953125]
[272, 0.0002589225769042969]
[273, 0.00025177001953125]
[274, 0.00024628639221191406]
[275, 0.0002751350402832031]
[276, 0.00027370452880859375]
[277, 0.0002751350402832031]
[278, 0.0002663135528564453]
[279, 0.0002560615539550781]
[280, 0.0002522468566894531]
[281, 0.00027251243591308594]
[282, 0.0002593994140625]
[283, 0.0002663135528564453]
[284, 0.0002646446228027344]
[285, 0.00026297569274902344]
[286, 0.0002682209014892578]
[287, 0.0002617835998535156]
[288, 0.00026106834411621094]
[289, 0.0002613067626953125]
[290, 0.000293731689453125]
[291, 0.00026988983154296875]
[292, 0.00026345252990722656]
[293, 0.0002644062042236328]
[294, 0.0002651214599609375]
[295, 0.00026679039001464844]
[296, 0.00027108192443847656]
[297, 0.00027298927307128906]
[298, 0.0002734661102294922]
[299, 0.0002846717834472656]
[300, 0.0002739429473876953]
[301, 0.0002799034118652344]
[302, 0.00028204917907714844]
[303, 0.00028967857360839844]
[304, 0.00027561187744140625]
[305, 0.00027632713317871094]
[306, 0.0002894401550292969]
[307, 0.0002779960632324219]
[308, 0.0002796649932861328]
[309, 0.00047206878662109375]
[310, 0.0002865791320800781]
[311, 0.00029659271240234375]
[312, 0.0002856254577636719]
[313, 0.0002837181091308594]
[314, 0.00028514862060546875]
[315, 0.0003170967102050781]
[316, 0.0002880096435546875]
[317, 0.00028824806213378906]
[318, 0.0002880096435546875]
[319, 0.00030040740966796875]
[320, 0.00028896331787109375]
[321, 0.0002913475036621094]
[322, 0.0002906322479248047]
[323, 0.0003192424774169922]
[324, 0.0003108978271484375]
[325, 0.00029349327087402344]
[326, 0.0002956390380859375]
[327, 0.0003056526184082031]
[328, 0.0002970695495605469]
[329, 0.00029850006103515625]
[330, 0.00030040740966796875]
[331, 0.00031447410583496094]
[332, 0.0003006458282470703]
[333, 0.0003020763397216797]
[334, 0.00030159950256347656]
[335, 0.00031566619873046875]
[336, 0.00030612945556640625]
[337, 0.0003058910369873047]
[338, 0.0003044605255126953]
[339, 0.000331878662109375]
[340, 0.0003077983856201172]
[341, 0.0003085136413574219]
[342, 0.0003113746643066406]
[343, 0.00031256675720214844]
[344, 0.00031185150146484375]
[345, 0.0003108978271484375]
[346, 0.0003147125244140625]
[347, 0.0003147125244140625]
[348, 0.0003147125244140625]
[349, 0.0003170967102050781]
[350, 0.0003197193145751953]
[351, 0.0003204345703125]
[352, 0.0003254413604736328]
[353, 0.0003223419189453125]
[354, 0.00032138824462890625]
[355, 0.00034356117248535156]
[356, 0.0003428459167480469]
[357, 0.00032520294189453125]
[358, 0.0003261566162109375]
[359, 0.00032782554626464844]
[360, 0.0005774497985839844]
[361, 0.0003504753112792969]
[362, 0.00033092498779296875]
[363, 0.0003325939178466797]
[364, 0.0003314018249511719]
[365, 0.0003325939178466797]
[366, 0.00033354759216308594]
[367, 0.0003323554992675781]
[368, 0.0003342628479003906]
[369, 0.0003383159637451172]
[370, 0.00033926963806152344]
[371, 0.0003380775451660156]
[372, 0.0003380775451660156]
[373, 0.000339508056640625]
[374, 0.000339508056640625]
[375, 0.0003409385681152344]
[376, 0.00034236907958984375]
[377, 0.0003452301025390625]
[378, 0.0003437995910644531]
[379, 0.0003447532653808594]
[380, 0.0003864765167236328]
[381, 0.0003478527069091797]
[382, 0.0003495216369628906]
[383, 0.00036716461181640625]
[384, 0.00035953521728515625]
[385, 0.0003638267517089844]
[386, 0.0003521442413330078]
[387, 0.0003514289855957031]
[388, 0.0003523826599121094]
[389, 0.0003685951232910156]
[390, 0.0003554821014404297]
[391, 0.00035643577575683594]
[392, 0.0003693103790283203]
[393, 0.0003600120544433594]
[394, 0.0003600120544433594]
[395, 0.0006954669952392578]
[396, 0.0006263256072998047]
[397, 0.0006833076477050781]
[398, 0.0006973743438720703]
[399, 0.0006995201110839844]
[400, 0.0006902217864990234]
[401, 0.0006649494171142578]
[402, 0.000682830810546875]
[403, 0.0006546974182128906]
[404, 0.0007257461547851562]
[405, 0.0006647109985351562]
[406, 0.0006589889526367188]
[407, 0.0006470680236816406]
[408, 0.0006415843963623047]
[409, 0.0007278919219970703]
[410, 0.000698089599609375]
[411, 0.0005753040313720703]
[412, 0.0006761550903320312]
[413, 0.0006215572357177734]
[414, 0.00048828125]
[415, 0.00039839744567871094]
[416, 0.0004639625549316406]
[417, 0.00041294097900390625]
[418, 0.00038170814514160156]
[419, 0.0003838539123535156]
[420, 0.0003859996795654297]
[421, 0.0003838539123535156]
[422, 0.0004038810729980469]
[423, 0.0003871917724609375]
[424, 0.0003859996795654297]
[425, 0.00038743019104003906]
[426, 0.0003864765167236328]
[427, 0.0003871917724609375]
[428, 0.0004124641418457031]
[429, 0.0003914833068847656]
[430, 0.0003917217254638672]
[431, 0.0004532337188720703]
[432, 0.0004467964172363281]
[433, 0.0003952980041503906]
[434, 0.00039386749267578125]
[435, 0.0004029273986816406]
[436, 0.0003972053527832031]
[437, 0.0003979206085205078]
[438, 0.0003972053527832031]
[439, 0.0003993511199951172]
[440, 0.00040078163146972656]
[441, 0.00040030479431152344]
[442, 0.000400543212890625]
[443, 0.0004105567932128906]
[444, 0.0004048347473144531]
[445, 0.00040531158447265625]
[446, 0.00041413307189941406]
[447, 0.00040721893310546875]
[448, 0.00041031837463378906]
[449, 0.0004165172576904297]
[450, 0.0004105567932128906]
[451, 0.0004096031188964844]
[452, 0.0004169940948486328]
[453, 0.0004119873046875]
[454, 0.00041222572326660156]
[455, 0.00042700767517089844]
[456, 0.0004165172576904297]
[457, 0.00041747093200683594]
[458, 0.00042629241943359375]
[459, 0.0004181861877441406]
[460, 0.00042128562927246094]
[461, 0.0004329681396484375]
[462, 0.0004222393035888672]
[463, 0.0004200935363769531]
[464, 0.00043201446533203125]
[465, 0.00042319297790527344]
[466, 0.00042438507080078125]
[467, 0.00043463706970214844]
[468, 0.0004258155822753906]
[469, 0.00042557716369628906]
[470, 0.00043654441833496094]
[471, 0.0006074905395507812]
[472, 0.0004379749298095703]
[473, 0.0004322528839111328]
[474, 0.0004303455352783203]
[475, 0.000431060791015625]
[476, 0.00043129920959472656]
[477, 0.0004343986511230469]
[478, 0.00044274330139160156]
[479, 0.0004353523254394531]
[480, 0.000438690185546875]
[481, 0.0004494190216064453]
[482, 0.00043773651123046875]
[483, 0.00043964385986328125]
[484, 0.0004444122314453125]
[485, 0.00044083595275878906]
[486, 0.0004451274871826172]
[487, 0.00044608116149902344]
[488, 0.00044417381286621094]
[489, 0.0004439353942871094]
[490, 0.000446319580078125]
[491, 0.0004467964172363281]
[492, 0.0004470348358154297]
[493, 0.0004508495330810547]
[494, 0.0004494190216064453]
[495, 0.0004603862762451172]
[496, 0.00045418739318847656]
[497, 0.0004515647888183594]
[498, 0.00045228004455566406]
[499, 0.0004553794860839844]
[500, 0.0004525184631347656]
[501, 0.0004563331604003906]
[502, 0.0005121231079101562]
[503, 0.0005817413330078125]
[504, 0.00046563148498535156]
[505, 0.0004611015319824219]
[506, 0.0005743503570556641]
[507, 0.00046563148498535156]
[508, 0.0004642009735107422]
[509, 0.00046372413635253906]
[510, 0.0004658699035644531]
[511, 0.00046133995056152344]
[512, 0.0004622936248779297]
[513, 0.0004949569702148438]
[514, 0.0005083084106445312]
[515, 0.0005347728729248047]
[516, 0.0005617141723632812]
[517, 0.0006268024444580078]
[518, 0.0006248950958251953]
[519, 0.0006363391876220703]
[520, 0.0006632804870605469]
[521, 0.0006649494171142578]
[522, 0.0006704330444335938]
[523, 0.0006685256958007812]
[524, 0.0006666183471679688]
[525, 0.0006835460662841797]
[526, 0.0006740093231201172]
[527, 0.0006778240203857422]
[528, 0.0006740093231201172]
[529, 0.0006742477416992188]
[530, 0.0006799697875976562]
[531, 0.0006806850433349609]
[532, 0.0006887912750244141]
[533, 0.0006844997406005859]
[534, 0.0006918907165527344]
[535, 0.0006844997406005859]
[536, 0.0006880760192871094]
[537, 0.0006880760192871094]
[538, 0.0007407665252685547]
[539, 0.0006923675537109375]
[540, 0.0006921291351318359]
[541, 0.0006937980651855469]
[542, 0.0006933212280273438]
[543, 0.0007026195526123047]
[544, 0.0006966590881347656]
[545, 0.0007104873657226562]
[546, 0.0006978511810302734]
[547, 0.0006976127624511719]
[548, 0.0006999969482421875]
[549, 0.0007050037384033203]
[550, 0.0007042884826660156]
[551, 0.0007052421569824219]
[552, 0.0007100105285644531]
[553, 0.0007081031799316406]
[554, 0.0007216930389404297]
[555, 0.0007135868072509766]
[556, 0.0007216930389404297]
[557, 0.0007152557373046875]
[558, 0.0007152557373046875]
[559, 0.0007147789001464844]
[560, 0.0007150173187255859]
[561, 0.0007197856903076172]
[562, 0.0007200241088867188]
[563, 0.0007214546203613281]
[564, 0.0007240772247314453]
[565, 0.0007219314575195312]
[566, 0.0008013248443603516]
[567, 0.0007278919219970703]
[568, 0.0007317066192626953]
[569, 0.0007367134094238281]
[570, 0.0007305145263671875]
[571, 0.0007388591766357422]
[572, 0.0007331371307373047]
[573, 0.0008094310760498047]
[574, 0.0007367134094238281]
[575, 0.0007431507110595703]
[576, 0.0007345676422119141]
[577, 0.0007355213165283203]
[578, 0.0007352828979492188]
[579, 0.0007436275482177734]
[580, 0.0007414817810058594]
[581, 0.0007522106170654297]
[582, 0.0007460117340087891]
[583, 0.0007457733154296875]
[584, 0.0007462501525878906]
[585, 0.0007500648498535156]
[586, 0.0007486343383789062]
[587, 0.0007493495941162109]
[588, 0.0007512569427490234]
[589, 0.0007574558258056641]
[590, 0.0007574558258056641]
[591, 0.0007543563842773438]
[592, 0.0007569789886474609]
[593, 0.0007588863372802734]
[594, 0.0008673667907714844]
[595, 0.0007646083831787109]
[596, 0.000766754150390625]
[597, 0.0007688999176025391]
[598, 0.0007672309875488281]
[599, 0.0007665157318115234]
[600, 0.0007688999176025391]
[601, 0.0007719993591308594]
[602, 0.0007681846618652344]
[603, 0.0007748603820800781]
[604, 0.0008406639099121094]
[605, 0.0008251667022705078]
[606, 0.0008356571197509766]
[607, 0.0008008480072021484]
[608, 0.0007793903350830078]
[609, 0.0007929801940917969]
[610, 0.0007829666137695312]
[611, 0.0007915496826171875]
[612, 0.0007836818695068359]
[613, 0.0007920265197753906]
[614, 0.0007901191711425781]
[615, 0.0007996559143066406]
[616, 0.0007908344268798828]
[617, 0.0007979869842529297]
[618, 0.0007901191711425781]
[619, 0.0008094310760498047]
[620, 0.0008437633514404297]
[621, 0.0007965564727783203]
[622, 0.0008003711700439453]
[623, 0.0008413791656494141]
[624, 0.0008018016815185547]
[625, 0.0007996559143066406]
[626, 0.0008020401000976562]
[627, 0.0008025169372558594]
[628, 0.0008072853088378906]
[629, 0.0008058547973632812]
[630, 0.0008082389831542969]
[631, 0.0010995864868164062]
[632, 0.0008211135864257812]
[633, 0.0008111000061035156]
[634, 0.0008211135864257812]
[635, 0.0008127689361572266]
[636, 0.0008203983306884766]
[637, 0.0008881092071533203]
[638, 0.0008194446563720703]
[639, 0.0008270740509033203]
[640, 0.0008339881896972656]
[641, 0.0008215904235839844]
[642, 0.0008215904235839844]
[643, 0.0008213520050048828]
[644, 0.0008234977722167969]
[645, 0.0008254051208496094]
[646, 0.0008287429809570312]
[647, 0.000827789306640625]
[648, 0.0008292198181152344]
[649, 0.0008306503295898438]
[650, 0.0008347034454345703]
[651, 0.0008549690246582031]
[652, 0.0008356571197509766]
[653, 0.0008459091186523438]
[654, 0.0008962154388427734]
[655, 0.0008420944213867188]
[656, 0.0008389949798583984]
[657, 0.0008397102355957031]
[658, 0.0008423328399658203]
[659, 0.0015726089477539062]
[660, 0.0008525848388671875]
[661, 0.0008487701416015625]
[662, 0.0009586811065673828]
[663, 0.0008654594421386719]
[664, 0.0008497238159179688]
[665, 0.0009036064147949219]
[666, 0.0008540153503417969]
[667, 0.0008523464202880859]
[668, 0.0008568763732910156]
[669, 0.0008985996246337891]
[670, 0.0008695125579833984]
[671, 0.0008594989776611328]
[672, 0.0008637905120849609]
[673, 0.0008580684661865234]
[674, 0.0008611679077148438]
[675, 0.0008673667907714844]
[676, 0.0008673667907714844]
[677, 0.0008790493011474609]
[678, 0.0008680820465087891]
[679, 0.0008692741394042969]
[680, 0.0008726119995117188]
[681, 0.0008718967437744141]
[682, 0.0008916854858398438]
[683, 0.0008881092071533203]
[684, 0.0008943080902099609]
[685, 0.0013971328735351562]
[686, 0.0009932518005371094]
[687, 0.0013751983642578125]
[688, 0.0012319087982177734]
[689, 0.0011551380157470703]
[690, 0.0014388561248779297]
[691, 0.0009050369262695312]
[692, 0.0008885860443115234]
[693, 0.0009176731109619141]
[694, 0.0009164810180664062]
[695, 0.0010530948638916016]
[696, 0.0013251304626464844]
[697, 0.0009303092956542969]
[698, 0.0009431838989257812]
[699, 0.001033782958984375]
[700, 0.0009093284606933594]
[701, 0.0009660720825195312]
[702, 0.0009026527404785156]
[703, 0.0009284019470214844]
[704, 0.0009491443634033203]
[705, 0.000926971435546875]
[706, 0.0009059906005859375]
[707, 0.0009284019470214844]
[708, 0.0009105205535888672]
[709, 0.0009083747863769531]
[710, 0.0009279251098632812]
[711, 0.0009121894836425781]
[712, 0.0009317398071289062]
[713, 0.0009241104125976562]
[714, 0.0009326934814453125]
[715, 0.0009181499481201172]
[716, 0.0009222030639648438]
[717, 0.0009298324584960938]
[718, 0.0009369850158691406]
[719, 0.0009899139404296875]
[720, 0.0009570121765136719]
[721, 0.0009238719940185547]
[722, 0.0009284019470214844]
[723, 0.0009284019470214844]
[724, 0.0009393692016601562]
[725, 0.001132965087890625]
[726, 0.0009367465972900391]
[727, 0.001058340072631836]
[728, 0.0009465217590332031]
[729, 0.0009963512420654297]
[730, 0.0010156631469726562]
[731, 0.0009396076202392578]
[732, 0.0009670257568359375]
[733, 0.0009436607360839844]
[734, 0.0009593963623046875]
[735, 0.0009443759918212891]
[736, 0.0010383129119873047]
[737, 0.0009458065032958984]
[738, 0.0009744167327880859]
[739, 0.0009472370147705078]
[740, 0.0009729862213134766]
[741, 0.0009500980377197266]
[742, 0.0010180473327636719]
[743, 0.0009543895721435547]
[744, 0.0010120868682861328]
[745, 0.0009539127349853516]
[746, 0.0009722709655761719]
[747, 0.000972747802734375]
[748, 0.0009610652923583984]
[749, 0.0009591579437255859]
[750, 0.0009682178497314453]
[751, 0.0009877681732177734]
[752, 0.0009644031524658203]
[753, 0.0010485649108886719]
[754, 0.0009694099426269531]
[755, 0.001050710678100586]
[756, 0.0009908676147460938]
[757, 0.0009870529174804688]
[758, 0.0009906291961669922]
[759, 0.000997781753540039]
[760, 0.0009891986846923828]
[761, 0.0009996891021728516]
[762, 0.0009818077087402344]
[763, 0.0009961128234863281]
[764, 0.0009925365447998047]
[765, 0.000997304916381836]
[766, 0.000986337661743164]
[767, 0.0009996891021728516]
[768, 0.000993967056274414]
[769, 0.0010001659393310547]
[770, 0.0009982585906982422]
[771, 0.0010318756103515625]
[772, 0.0010118484497070312]
[773, 0.0009918212890625]
[774, 0.0010716915130615234]
[775, 0.001073598861694336]
[776, 0.000993490219116211]
[777, 0.0010242462158203125]
[778, 0.0010733604431152344]
[779, 0.0010120868682861328]
[780, 0.0010004043579101562]
[781, 0.0010254383087158203]
[782, 0.001003265380859375]
[783, 0.001004934310913086]
[784, 0.001005411148071289]
[785, 0.001018524169921875]
[786, 0.0010256767272949219]
[787, 0.0010211467742919922]
[788, 0.0010094642639160156]
[789, 0.0010271072387695312]
[790, 0.0010254383087158203]
[791, 0.0010149478912353516]
[792, 0.0010504722595214844]
[793, 0.0010309219360351562]
[794, 0.0010411739349365234]
[795, 0.001043081283569336]
[796, 0.0010187625885009766]
[797, 0.0010373592376708984]
[798, 0.001024484634399414]
[799, 0.0010254383087158203]
[800, 0.0010292530059814453]
[801, 0.0010445117950439453]
[802, 0.0010259151458740234]
[803, 0.0010440349578857422]
[804, 0.0010442733764648438]
[805, 0.001043558120727539]
[806, 0.0010275840759277344]
[807, 0.0010979175567626953]
[808, 0.001123189926147461]
[809, 0.001047372817993164]
[810, 0.0010457038879394531]
[811, 0.0010540485382080078]
[812, 0.0010378360748291016]
[813, 0.0010573863983154297]
[814, 0.0011453628540039062]
[815, 0.0010578632354736328]
[816, 0.0010466575622558594]
[817, 0.0010600090026855469]
[818, 0.0010442733764648438]
[819, 0.0010771751403808594]
[820, 0.0011343955993652344]
[821, 0.001077890396118164]
[822, 0.0010533332824707031]
[823, 0.0011272430419921875]
[824, 0.0010581016540527344]
[825, 0.0010662078857421875]
[826, 0.0010552406311035156]
[827, 0.0010578632354736328]
[828, 0.0010590553283691406]
[829, 0.0010709762573242188]
[830, 0.0010902881622314453]
[831, 0.0010640621185302734]
[832, 0.0010693073272705078]
[833, 0.00106048583984375]
[834, 0.001064300537109375]
[835, 0.0010766983032226562]
[836, 0.0010707378387451172]
[837, 0.0010690689086914062]
[838, 0.0010690689086914062]
[839, 0.001074075698852539]
[840, 0.0010733604431152344]
[841, 0.0010869503021240234]
[842, 0.0010883808135986328]
[843, 0.0010724067687988281]
[844, 0.0010769367218017578]
[845, 0.0010852813720703125]
[846, 0.001079559326171875]
[847, 0.0010814666748046875]
[848, 0.0010857582092285156]
[849, 0.0011072158813476562]
[850, 0.0010869503021240234]
[851, 0.001088857650756836]
[852, 0.0010952949523925781]
[853, 0.0010836124420166016]
[854, 0.0010914802551269531]
[855, 0.0012822151184082031]
[856, 0.00109100341796875]
[857, 0.0010936260223388672]
[858, 0.0010952949523925781]
[859, 0.0011072158813476562]
[860, 0.0010995864868164062]
[861, 0.0011010169982910156]
[862, 0.0011031627655029297]
[863, 0.0011470317840576172]
[864, 0.001104593276977539]
[865, 0.0011289119720458984]
[866, 0.0011165142059326172]
[867, 0.0011060237884521484]
[868, 0.0011076927185058594]
[869, 0.00110626220703125]
[870, 0.0011167526245117188]
[871, 0.0011150836944580078]
[872, 0.0011129379272460938]
[873, 0.0011227130889892578]
[874, 0.0011322498321533203]
[875, 0.0011196136474609375]
[876, 0.0011191368103027344]
[877, 0.0011258125305175781]
[878, 0.0011298656463623047]
[879, 0.0011217594146728516]
[880, 0.0011224746704101562]
[881, 0.0011322498321533203]
[882, 0.0011446475982666016]
[883, 0.0011258125305175781]
[884, 0.0011272430419921875]
[885, 0.0011394023895263672]
[886, 0.00118255615234375]
[887, 0.0011386871337890625]
[888, 0.0011401176452636719]
[889, 0.0011341571807861328]
[890, 0.0013492107391357422]
[891, 0.0011529922485351562]
[892, 0.0011396408081054688]
[893, 0.001146554946899414]
[894, 0.001172780990600586]
[895, 0.0011429786682128906]
[896, 0.0011355876922607422]
[897, 0.0011458396911621094]
[898, 0.001155853271484375]
[899, 0.0011508464813232422]
[900, 0.0011458396911621094]
[901, 0.0011470317840576172]
[902, 0.0011534690856933594]
[903, 0.0011501312255859375]
[904, 0.0011601448059082031]
[905, 0.0011553764343261719]
[906, 0.0011630058288574219]
[907, 0.0011577606201171875]
[908, 0.0013246536254882812]
[909, 0.0011696815490722656]
[910, 0.0011630058288574219]
[911, 0.0011718273162841797]
[912, 0.0011599063873291016]
[913, 0.0011639595031738281]
[914, 0.0011653900146484375]
[915, 0.0012173652648925781]
[916, 0.001168966293334961]
[917, 0.0011730194091796875]
[918, 0.001171112060546875]
[919, 0.0011816024780273438]
[920, 0.0011754035949707031]
[921, 0.001176595687866211]
[922, 0.0011780261993408203]
[923, 0.0011873245239257812]
[924, 0.0011887550354003906]
[925, 0.0011780261993408203]
[926, 0.001191854476928711]
[927, 0.0011851787567138672]
[928, 0.0011966228485107422]
[929, 0.0011920928955078125]
[930, 0.0011854171752929688]
[931, 0.0011937618255615234]
[932, 0.0011866092681884766]
[933, 0.0012044906616210938]
[934, 0.0011930465698242188]
[935, 0.00119781494140625]
[936, 0.0012013912200927734]
[937, 0.0012102127075195312]
[938, 0.0012021064758300781]
[939, 0.0011944770812988281]
[940, 0.0012125968933105469]
[941, 0.0012025833129882812]
[942, 0.0012183189392089844]
[943, 0.0012025833129882812]
[944, 0.0012025833129882812]
[945, 0.0012226104736328125]
[946, 0.0012125968933105469]
[947, 0.0012280941009521484]
[948, 0.0012123584747314453]
[949, 0.0012981891632080078]
[950, 0.0012106895446777344]
[951, 0.0012195110321044922]
[952, 0.0012142658233642578]
[953, 0.0013005733489990234]
[954, 0.0012216567993164062]
[955, 0.001255035400390625]
[956, 0.0012316703796386719]
[957, 0.0012543201446533203]
[958, 0.0012373924255371094]
[959, 0.00122833251953125]
[960, 0.0012216567993164062]
[961, 0.0012259483337402344]
[962, 0.00122833251953125]
[963, 0.0012309551239013672]
[964, 0.001230001449584961]
[965, 0.00122833251953125]
[966, 0.0012314319610595703]
[967, 0.0012404918670654297]
[968, 0.0012364387512207031]
[969, 0.0012354850769042969]
[970, 0.001316070556640625]
[971, 0.0012400150299072266]
[972, 0.0012710094451904297]
[973, 0.0012640953063964844]
[974, 0.0012447834014892578]
[975, 0.0012679100036621094]
[976, 0.0013530254364013672]
[977, 0.0013432502746582031]
[978, 0.0012652873992919922]
[979, 0.0012586116790771484]
[980, 0.0012540817260742188]
[981, 0.0012667179107666016]
[982, 0.0017459392547607422]
[983, 0.0012674331665039062]
[984, 0.0012593269348144531]
[985, 0.0012552738189697266]
[986, 0.0012736320495605469]
[987, 0.0014345645904541016]
[988, 0.0013344287872314453]
[989, 0.001260995864868164]
[990, 0.0012619495391845703]
[991, 0.0012617111206054688]
[992, 0.0015292167663574219]
[993, 0.0012874603271484375]
[994, 0.0012776851654052734]
[995, 0.001268625259399414]
[996, 0.0012695789337158203]
[997, 0.0013232231140136719]
[998, 0.0012781620025634766]
[999, 0.0012891292572021484]
[1000, 0.0012857913970947266]
[1001, 0.0012814998626708984]
[1002, 0.0013358592987060547]
[1003, 0.0014386177062988281]
[1004, 0.001291513442993164]
[1005, 0.001287698745727539]
[1006, 0.001285552978515625]
[1007, 0.0013020038604736328]
[1008, 0.0012998580932617188]
[1009, 0.0012924671173095703]
[1010, 0.0012845993041992188]
[1011, 0.0012934207916259766]
[1012, 0.0012984275817871094]
[1013, 0.0013041496276855469]
[1014, 0.0013070106506347656]
[1015, 0.001294851303100586]
[1016, 0.0012960433959960938]
[1017, 0.0013055801391601562]
[1018, 0.0012989044189453125]
[1019, 0.0016498565673828125]
[1020, 0.0013072490692138672]
[1021, 0.0013120174407958984]
[1022, 0.0013186931610107422]
[1023, 0.0014140605926513672]
[1024, 0.0013048648834228516]
[1025, 0.001332998275756836]
[1026, 0.001422882080078125]
[1027, 0.0014042854309082031]
[1028, 0.0014393329620361328]
[1029, 0.0014841556549072266]
[1030, 0.0015239715576171875]
[1031, 0.0015566349029541016]
[1032, 0.0015988349914550781]
[1033, 0.0016226768493652344]
[1034, 0.0025310516357421875]
[1035, 0.0017399787902832031]
[1036, 0.0017457008361816406]
[1037, 0.0018513202667236328]
[1038, 0.0018115043640136719]
[1039, 0.001950979232788086]
[1040, 0.0018968582153320312]
[1041, 0.0018911361694335938]
[1042, 0.0018908977508544922]
[1043, 0.0019745826721191406]
[1044, 0.0019025802612304688]
[1045, 0.00189208984375]
[1046, 0.00188446044921875]
[1047, 0.0028634071350097656]
[1048, 0.0018968582153320312]
[1049, 0.0018925666809082031]
[1050, 0.0019774436950683594]
[1051, 0.0019352436065673828]
[1052, 0.0018939971923828125]
[1053, 0.0019004344940185547]
[1054, 0.0018982887268066406]
[1055, 0.0019528865814208984]
[1056, 0.0019154548645019531]
[1057, 0.0019161701202392578]
[1058, 0.0019180774688720703]
[1059, 0.0019690990447998047]
[1060, 0.0019397735595703125]
[1061, 0.0019381046295166016]
[1062, 0.0019345283508300781]
[1063, 0.002052783966064453]
[1064, 0.0019974708557128906]
[1065, 0.001924276351928711]
[1066, 0.0019202232360839844]
[1067, 0.001970052719116211]
[1068, 0.0019521713256835938]
[1069, 0.0019283294677734375]
[1070, 0.0019271373748779297]
[1071, 0.001975536346435547]
[1072, 0.0019295215606689453]
[1073, 0.0019373893737792969]
[1074, 0.0020601749420166016]
[1075, 0.001967906951904297]
[1076, 0.001962900161743164]
[1077, 0.001957416534423828]
[1078, 0.002006053924560547]
[1079, 0.0019659996032714844]
[1080, 0.0019617080688476562]
[1081, 0.001956462860107422]
[1082, 0.001967906951904297]
[1083, 0.0019681453704833984]
[1084, 0.001956939697265625]
[1085, 0.0019598007202148438]
[1086, 0.002351522445678711]
[1087, 0.001966238021850586]
[1088, 0.001961231231689453]
[1089, 0.0020487308502197266]
[1090, 0.002035379409790039]
[1091, 0.001985311508178711]
[1092, 0.0019843578338623047]
[1093, 0.0019791126251220703]
[1094, 0.001981973648071289]
[1095, 0.0029337406158447266]
[1096, 0.0019991397857666016]
[1097, 0.0019943714141845703]
[1098, 0.0020885467529296875]
[1099, 0.002006053924560547]
[1100, 0.0019850730895996094]
[1101, 0.0019893646240234375]
[1102, 0.0019915103912353516]
[1103, 0.0019974708557128906]
[1104, 0.0019903182983398438]
[1105, 0.002001047134399414]
[1106, 0.002047300338745117]
[1107, 0.002038717269897461]
[1108, 0.0020241737365722656]
[1109, 0.002015352249145508]
[1110, 0.002239704132080078]
[1111, 0.0020334720611572266]
[1112, 0.0020062923431396484]
[1113, 0.0020143985748291016]
[1114, 0.002104520797729492]
[1115, 0.002016782760620117]
[1116, 0.0020165443420410156]
[1117, 0.002012968063354492]
[1118, 0.0020406246185302734]
[1119, 0.0024509429931640625]
[1120, 0.0020389556884765625]
[1121, 0.0020456314086914062]
[1122, 0.0020499229431152344]
[1123, 0.0020465850830078125]
[1124, 0.002200603485107422]
[1125, 0.002039194107055664]
[1126, 0.0020470619201660156]
[1127, 0.0020380020141601562]
[1128, 0.0020296573638916016]
[1129, 0.00206756591796875]
[1130, 0.002040386199951172]
[1131, 0.002424001693725586]
[1132, 0.002060413360595703]
[1133, 0.0020895004272460938]
[1134, 0.002061605453491211]
[1135, 0.0021631717681884766]
[1136, 0.0020465850830078125]
[1137, 0.002084493637084961]
[1138, 0.002081155776977539]
[1139, 0.002107381820678711]
[1140, 0.002062082290649414]
[1141, 0.0020940303802490234]
[1142, 0.0020599365234375]
[1143, 0.0020780563354492188]
[1144, 0.0027866363525390625]
[1145, 0.0020904541015625]
[1146, 0.0020766258239746094]
[1147, 0.0020668506622314453]
[1148, 0.0020837783813476562]
[1149, 0.0020759105682373047]
[1150, 0.0020761489868164062]
[1151, 0.0020825862884521484]
[1152, 0.0024149417877197266]
[1153, 0.0020835399627685547]
[1154, 0.0020813941955566406]
[1155, 0.002084493637084961]
[1156, 0.0021698474884033203]
[1157, 0.0020961761474609375]
[1158, 0.002093791961669922]
[1159, 0.0020966529846191406]
[1160, 0.002107858657836914]
[1161, 0.0021049976348876953]
[1162, 0.002107381820678711]
[1163, 0.002156972885131836]
[1164, 0.0025436878204345703]
[1165, 0.00213623046875]
[1166, 0.0021119117736816406]
[1167, 0.0021233558654785156]
[1168, 0.0021140575408935547]
[1169, 0.002119302749633789]
[1170, 0.0021092891693115234]
[1171, 0.002115488052368164]
[1172, 0.002115488052368164]
[1173, 0.0021123886108398438]
[1174, 0.002147197723388672]
[1175, 0.0021314620971679688]
[1176, 0.0021457672119140625]
[1177, 0.0021333694458007812]
[1178, 0.0021517276763916016]
[1179, 0.002128124237060547]
[1180, 0.002128124237060547]
[1181, 0.0021686553955078125]
[1182, 0.002148151397705078]
[1183, 0.0021419525146484375]
[1184, 0.0021424293518066406]
[1185, 0.002176046371459961]
[1186, 0.0021402835845947266]
[1187, 0.002138853073120117]
[1188, 0.0021522045135498047]
[1189, 0.002185344696044922]
[1190, 0.002160310745239258]
[1191, 0.0021584033966064453]
[1192, 0.0022525787353515625]
[1193, 0.0021619796752929688]
[1194, 0.0021560192108154297]
[1195, 0.0021505355834960938]
[1196, 0.0021991729736328125]
[1197, 0.0021729469299316406]
[1198, 0.0021719932556152344]
[1199, 0.0021660327911376953]
[1200, 0.0022051334381103516]
[1201, 0.0021605491638183594]
[1202, 0.0021741390228271484]
[1203, 0.0021734237670898438]
[1204, 0.0021860599517822266]
[1205, 0.0021877288818359375]
[1206, 0.0021729469299316406]
[1207, 0.002317667007446289]
[1208, 0.0021839141845703125]
[1209, 0.0021996498107910156]
[1210, 0.002192974090576172]
[1211, 0.0024504661560058594]
[1212, 0.002195119857788086]
[1213, 0.002183675765991211]
[1214, 0.002956867218017578]
[1215, 0.0023021697998046875]
[1216, 0.002187967300415039]
[1217, 0.0022041797637939453]
[1218, 0.002229452133178711]
[1219, 0.002207517623901367]
[1220, 0.0022156238555908203]
[1221, 0.002290964126586914]
[1222, 0.002207040786743164]
[1223, 0.00260162353515625]
[1224, 0.0022187232971191406]
[1225, 0.002223491668701172]
[1226, 0.002242565155029297]
[1227, 0.0022101402282714844]
[1228, 0.0022711753845214844]
[1229, 0.002274751663208008]
[1230, 0.0022864341735839844]
[1231, 0.0022220611572265625]
[1232, 0.0022325515747070312]
[1233, 0.0022194385528564453]
[1234, 0.0022215843200683594]
[1235, 0.0027430057525634766]
[1236, 0.0022454261779785156]
[1237, 0.0022385120391845703]
[1238, 0.0022499561309814453]
[1239, 0.002242565155029297]
[1240, 0.002279520034790039]
[1241, 0.0022430419921875]
[1242, 0.0023488998413085938]
[1243, 0.002325773239135742]
[1244, 0.0022399425506591797]
[1245, 0.0022470951080322266]
[1246, 0.002286672592163086]
[1247, 0.0022628307342529297]
[1248, 0.0022568702697753906]
[1249, 0.002292156219482422]
[1250, 0.0022499561309814453]
[1251, 0.0022644996643066406]
[1252, 0.0022668838500976562]
[1253, 0.002359151840209961]
[1254, 0.002260923385620117]
[1255, 0.0022573471069335938]
[1256, 0.0023086071014404297]
[1257, 0.002291440963745117]
[1258, 0.0022814273834228516]
[1259, 0.002271413803100586]
[1260, 0.002279996871948242]
[1261, 0.0022766590118408203]
[1262, 0.002280712127685547]
[1263, 0.0023140907287597656]
[1264, 0.0022735595703125]
[1265, 0.002279043197631836]
[1266, 0.0022907257080078125]
[1267, 0.002295255661010742]
[1268, 0.0023109912872314453]
[1269, 0.002293825149536133]
[1270, 0.0023336410522460938]
[1271, 0.002317667007446289]
[1272, 0.0023033618927001953]
[1273, 0.0022916793823242188]
[1274, 0.0022971630096435547]
[1275, 0.0024051666259765625]
[1276, 0.0023107528686523438]
[1277, 0.002315044403076172]
[1278, 0.002305269241333008]
[1279, 0.002293825149536133]
[1280, 0.002359628677368164]
[1281, 0.0023221969604492188]
[1282, 0.0023174285888671875]
[1283, 0.002304553985595703]
[1284, 0.002333402633666992]
[1285, 0.0023267269134521484]
[1286, 0.002318859100341797]
[1287, 0.002345561981201172]
[1288, 0.002315998077392578]
[1289, 0.002344369888305664]
[1290, 0.002330780029296875]
[1291, 0.0023221969604492188]
[1292, 0.0023317337036132812]
[1293, 0.002335786819458008]
[1294, 0.002353191375732422]
[1295, 0.002343893051147461]
[1296, 0.002336263656616211]
[1297, 0.0023674964904785156]
[1298, 0.002351045608520508]
[1299, 0.002347707748413086]
[1300, 0.002338409423828125]
[1301, 0.0023543834686279297]
[1302, 0.0023589134216308594]
[1303, 0.0023789405822753906]
[1304, 0.002360820770263672]
[1305, 0.002344369888305664]
[1306, 0.002374887466430664]
[1307, 0.002370119094848633]
[1308, 0.002370595932006836]
[1309, 0.002353191375732422]
[1310, 0.0023505687713623047]
[1311, 0.0024013519287109375]
[1312, 0.002374887466430664]
[1313, 0.0023679733276367188]
[1314, 0.002400636672973633]
[1315, 0.0023946762084960938]
[1316, 0.0023756027221679688]
[1317, 0.0023751258850097656]
[1318, 0.0023810863494873047]
[1319, 0.002386808395385742]
[1320, 0.002379894256591797]
[1321, 0.0023832321166992188]
[1322, 0.0023763179779052734]
[1323, 0.002403736114501953]
[1324, 0.002427339553833008]
[1325, 0.0023963451385498047]
[1326, 0.002398252487182617]
[1327, 0.002400636672973633]
[1328, 0.002410888671875]
[1329, 0.002393007278442383]
[1330, 0.002397775650024414]
[1331, 0.0024025440216064453]
[1332, 0.0024025440216064453]
[1333, 0.0024018287658691406]
[1334, 0.0024318695068359375]
[1335, 0.002409696578979492]
[1336, 0.0024051666259765625]
[1337, 0.0024538040161132812]
[1338, 0.002423524856567383]
[1339, 0.0024292469024658203]
[1340, 0.0024073123931884766]
[1341, 0.0024597644805908203]
[1342, 0.002432584762573242]
[1343, 0.0024213790893554688]
[1344, 0.0024416446685791016]
[1345, 0.0024340152740478516]
[1346, 0.0024330615997314453]
[1347, 0.002506732940673828]
[1348, 0.0024459362030029297]
[1349, 0.0024280548095703125]
[1350, 0.0025818347930908203]
[1351, 0.002457857131958008]
[1352, 0.0024557113647460938]
[1353, 0.0024378299713134766]
[1354, 0.0024595260620117188]
[1355, 0.002451658248901367]
[1356, 0.0024411678314208984]
[1357, 0.0024809837341308594]
[1358, 0.0024530887603759766]
[1359, 0.002458333969116211]
[1360, 0.0024569034576416016]
[1361, 0.0024726390838623047]
[1362, 0.002468109130859375]
[1363, 0.0024886131286621094]
[1364, 0.0025339126586914062]
[1365, 0.002470254898071289]
[1366, 0.0024919509887695312]
[1367, 0.002463102340698242]
[1368, 0.0024688243865966797]
[1369, 0.0025482177734375]
[1370, 0.0025360584259033203]
[1371, 0.0024819374084472656]
[1372, 0.002496480941772461]
[1373, 0.002580881118774414]
[1374, 0.0024831295013427734]
[1375, 0.0024824142456054688]
[1376, 0.002476215362548828]
[1377, 0.002520322799682617]
[1378, 0.0024900436401367188]
[1379, 0.0025491714477539062]
[1380, 0.002503633499145508]
[1381, 0.0025010108947753906]
[1382, 0.0025429725646972656]
[1383, 0.002518892288208008]
[1384, 0.0025091171264648438]
[1385, 0.0025484561920166016]
[1386, 0.0025093555450439453]
[1387, 0.002507448196411133]
[1388, 0.0025632381439208984]
[1389, 0.0026979446411132812]
[1390, 0.0025157928466796875]
[1391, 0.002507448196411133]
[1392, 0.0025229454040527344]
[1393, 0.002535581588745117]
[1394, 0.00250244140625]
[1395, 0.002539396286010742]
[1396, 0.0025529861450195312]
[1397, 0.0025177001953125]
[1398, 0.002535104751586914]
[1399, 0.0025238990783691406]
[1400, 0.0025200843811035156]
[1401, 0.002538442611694336]
[1402, 0.0025374889373779297]
[1403, 0.002579212188720703]
[1404, 0.003116607666015625]
[1405, 0.0025382041931152344]
[1406, 0.0025377273559570312]
[1407, 0.0025513172149658203]
[1408, 0.002535581588745117]
[1409, 0.0025475025177001953]
[1410, 0.0025594234466552734]
[1411, 0.00254058837890625]
[1412, 0.002549409866333008]
[1413, 0.0026178359985351562]
[1414, 0.0025556087493896484]
[1415, 0.0025954246520996094]
[1416, 0.0026133060455322266]
[1417, 0.002563953399658203]
[1418, 0.002558469772338867]
[1419, 0.002615690231323242]
[1420, 0.0025680065155029297]
[1421, 0.002571582794189453]
[1422, 0.0026383399963378906]
[1423, 0.002567768096923828]
[1424, 0.0025801658630371094]
[1425, 0.0026204586029052734]
[1426, 0.0025839805603027344]
[1427, 0.0025670528411865234]
[1428, 0.0026400089263916016]
[1429, 0.002680063247680664]
[1430, 0.0025768280029296875]
[1431, 0.0026361942291259766]
[1432, 0.002597332000732422]
[1433, 0.0025856494903564453]
[1434, 0.0026619434356689453]
[1435, 0.0025787353515625]
[1436, 0.002588510513305664]
[1437, 0.0030448436737060547]
[1438, 0.002600431442260742]
[1439, 0.0026051998138427734]
[1440, 0.002773284912109375]
[1441, 0.002858400344848633]
[1442, 0.0026140213012695312]
[1443, 0.0026078224182128906]
[1444, 0.0026102066040039062]
[1445, 0.002608776092529297]
[1446, 0.002604961395263672]
[1447, 0.0026166439056396484]
[1448, 0.0026497840881347656]
[1449, 0.0026268959045410156]
[1450, 0.0026276111602783203]
[1451, 0.0026121139526367188]
[1452, 0.0026290416717529297]
[1453, 0.0026199817657470703]
[1454, 0.002633810043334961]
[1455, 0.002629518508911133]
[1456, 0.0026280879974365234]
[1457, 0.002638101577758789]
[1458, 0.002640962600708008]
[1459, 0.002638101577758789]
[1460, 0.002633810043334961]
[1461, 0.002729177474975586]
[1462, 0.0026488304138183594]
[1463, 0.0026373863220214844]
[1464, 0.0026597976684570312]
[1465, 0.0026586055755615234]
[1466, 0.002923250198364258]
[1467, 0.0026781558990478516]
[1468, 0.0026504993438720703]
[1469, 0.0026702880859375]
[1470, 0.0026628971099853516]
[1471, 0.0027227401733398438]
[1472, 0.002660989761352539]
[1473, 0.0026574134826660156]
[1474, 0.0026640892028808594]
[1475, 0.0029413700103759766]
[1476, 0.002681255340576172]
[1477, 0.002665281295776367]
[1478, 0.002674102783203125]
[1479, 0.002681255340576172]
[1480, 0.002758026123046875]
[1481, 0.0026793479919433594]
[1482, 0.0026769638061523438]
[1483, 0.0026845932006835938]
[1484, 0.0029709339141845703]
[1485, 0.0026979446411132812]
[1486, 0.002691984176635742]
[1487, 0.0026831626892089844]
[1488, 0.0027937889099121094]
[1489, 0.0026950836181640625]
[1490, 0.002704620361328125]
[1491, 0.0026993751525878906]
[1492, 0.002723217010498047]
[1493, 0.0031430721282958984]
[1494, 0.0027272701263427734]
[1495, 0.002707242965698242]
[1496, 0.0027070045471191406]
[1497, 0.002706289291381836]
[1498, 0.0027005672454833984]
[1499, 0.0028090476989746094]
[1500, 0.0027065277099609375]
[1501, 0.002704143524169922]
[1502, 0.002991199493408203]
[1503, 0.0027551651000976562]
[1504, 0.0027115345001220703]
[1505, 0.0027294158935546875]
[1506, 0.0027303695678710938]
[1507, 0.002718687057495117]
[1508, 0.0027239322662353516]
[1509, 0.0027883052825927734]
[1510, 0.002729177474975586]
[1511, 0.003121614456176758]
[1512, 0.0027413368225097656]
[1513, 0.002717256546020508]
[1514, 0.0027370452880859375]
[1515, 0.0027337074279785156]
[1516, 0.0027513504028320312]
[1517, 0.002754688262939453]
[1518, 0.0027458667755126953]
[1519, 0.0027561187744140625]
[1520, 0.003212451934814453]
[1521, 0.0027582645416259766]
[1522, 0.002822399139404297]
[1523, 0.0028836727142333984]
[1524, 0.002759695053100586]
[1525, 0.0027930736541748047]
[1526, 0.0031392574310302734]
[1527, 0.0027582645416259766]
[1528, 0.0028505325317382812]
[1529, 0.0027680397033691406]
[1530, 0.002804279327392578]
[1531, 0.002775430679321289]
[1532, 0.0027599334716796875]
[1533, 0.0027959346771240234]
[1534, 0.002771615982055664]
[1535, 0.003149271011352539]
[1536, 0.002779722213745117]
[1537, 0.0027790069580078125]
[1538, 0.002764463424682617]
[1539, 0.0027894973754882812]
[1540, 0.0027751922607421875]
[1541, 0.0027849674224853516]
[1542, 0.0027878284454345703]
[1543, 0.002783536911010742]
[1544, 0.003225564956665039]
[1545, 0.002794504165649414]
[1546, 0.0027871131896972656]
[1547, 0.002859354019165039]
[1548, 0.0027904510498046875]
[1549, 0.002885580062866211]
[1550, 0.0027925968170166016]
[1551, 0.0028009414672851562]
[1552, 0.002839803695678711]
[1553, 0.0030868053436279297]
[1554, 0.0028057098388671875]
[1555, 0.002861499786376953]
[1556, 0.0028123855590820312]
[1557, 0.002815723419189453]
[1558, 0.0028662681579589844]
[1559, 0.002827882766723633]
[1560, 0.0028159618377685547]
[1561, 0.002828836441040039]
[1562, 0.002833127975463867]
[1563, 0.002837657928466797]
[1564, 0.0028302669525146484]
[1565, 0.002831697463989258]
[1566, 0.0029709339141845703]
[1567, 0.002830028533935547]
[1568, 0.0031783580780029297]
[1569, 0.002904176712036133]
[1570, 0.002852201461791992]
[1571, 0.0028374195098876953]
[1572, 0.0028514862060546875]
[1573, 0.0028388500213623047]
[1574, 0.0028443336486816406]
[1575, 0.0028460025787353516]
[1576, 0.0028502941131591797]
[1577, 0.0028922557830810547]
[1578, 0.0029447078704833984]
[1579, 0.0029065608978271484]
[1580, 0.0029709339141845703]
[1581, 0.0028655529022216797]
[1582, 0.0028617382049560547]
[1583, 0.0028688907623291016]
[1584, 0.002943754196166992]
[1585, 0.0028574466705322266]
[1586, 0.002952098846435547]
[1587, 0.002890348434448242]
[1588, 0.0029745101928710938]
[1589, 0.0029752254486083984]
[1590, 0.002897500991821289]
[1591, 0.002888202667236328]
[1592, 0.0029103755950927734]
[1593, 0.004723548889160156]
[1594, 0.0030007362365722656]
[1595, 0.0029134750366210938]
[1596, 0.002875089645385742]
[1597, 0.0028798580169677734]
[1598, 0.0028972625732421875]
[1599, 0.0029151439666748047]
[1600, 0.00287628173828125]
[1601, 0.0029006004333496094]
[1602, 0.0028841495513916016]
[1603, 0.0028929710388183594]
[1604, 0.002897977828979492]
[1605, 0.002895355224609375]
[1606, 0.0029327869415283203]
[1607, 0.0029065608978271484]
[1608, 0.0029020309448242188]
[1609, 0.0029213428497314453]
[1610, 0.0029032230377197266]
[1611, 0.0029070377349853516]
[1612, 0.002921581268310547]
[1613, 0.0029458999633789062]
[1614, 0.002951383590698242]
[1615, 0.0029082298278808594]
[1616, 0.0029146671295166016]
[1617, 0.0029458999633789062]
[1618, 0.0029435157775878906]
[1619, 0.0029287338256835938]
[1620, 0.002946138381958008]
[1621, 0.0029463768005371094]
[1622, 0.002943277359008789]
[1623, 0.0029458999633789062]
[1624, 0.002924203872680664]
[1625, 0.0030870437622070312]
[1626, 0.0029299259185791016]
[1627, 0.002988576889038086]
[1628, 0.0029761791229248047]
[1629, 0.002938508987426758]
[1630, 0.0029811859130859375]
[1631, 0.0030624866485595703]
[1632, 0.0029566287994384766]
[1633, 0.0029587745666503906]
[1634, 0.002953767776489258]
[1635, 0.0029604434967041016]
[1636, 0.002960681915283203]
[1637, 0.0029616355895996094]
[1638, 0.00296783447265625]
[1639, 0.0029633045196533203]
[1640, 0.003059864044189453]
[1641, 0.003130197525024414]
[1642, 0.0029752254486083984]
[1643, 0.0029985904693603516]
[1644, 0.002991914749145508]
[1645, 0.0030202865600585938]
[1646, 0.003004312515258789]
[1647, 0.003063678741455078]
[1648, 0.0030181407928466797]
[1649, 0.003010988235473633]
[1650, 0.0029752254486083984]
[1651, 0.002974987030029297]
[1652, 0.0029726028442382812]
[1653, 0.003070354461669922]
[1654, 0.0030431747436523438]
[1655, 0.0029990673065185547]
[1656, 0.0029947757720947266]
[1657, 0.0032978057861328125]
[1658, 0.0030121803283691406]
[1659, 0.0030364990234375]
[1660, 0.003000020980834961]
[1661, 0.0030133724212646484]
[1662, 0.003033161163330078]
[1663, 0.003010988235473633]
[1664, 0.0030214786529541016]
[1665, 0.003121614456176758]
[1666, 0.003026723861694336]
[1667, 0.003076791763305664]
[1668, 0.0030221939086914062]
[1669, 0.0030219554901123047]
[1670, 0.0030074119567871094]
[1671, 0.003021717071533203]
[1672, 0.0036575794219970703]
[1673, 0.0030264854431152344]
[1674, 0.0030422210693359375]
[1675, 0.0030455589294433594]
[1676, 0.003041982650756836]
[1677, 0.0030655860900878906]
[1678, 0.0030770301818847656]
[1679, 0.003042459487915039]
[1680, 0.003417491912841797]
[1681, 0.0030410289764404297]
[1682, 0.003063678741455078]
[1683, 0.0030450820922851562]
[1684, 0.003036022186279297]
[1685, 0.003075122833251953]
[1686, 0.0030634403228759766]
[1687, 0.003045320510864258]
[1688, 0.0034377574920654297]
[1689, 0.003055095672607422]
[1690, 0.0030808448791503906]
[1691, 0.0030579566955566406]
[1692, 0.0030596256256103516]
[1693, 0.0030617713928222656]
[1694, 0.003159046173095703]
[1695, 0.0031197071075439453]
[1696, 0.0038292407989501953]
[1697, 0.003075122833251953]
[1698, 0.0030698776245117188]
[1699, 0.003061532974243164]
[1700, 0.003131389617919922]
[1701, 0.003071308135986328]
[1702, 0.003083467483520508]
[1703, 0.003082275390625]
[1704, 0.0034477710723876953]
[1705, 0.0031197071075439453]
[1706, 0.0031113624572753906]
[1707, 0.003075122833251953]
[1708, 0.0030956268310546875]
[1709, 0.003194570541381836]
[1710, 0.003150463104248047]
[1711, 0.0030934810638427734]
[1712, 0.0034728050231933594]
[1713, 0.003101348876953125]
[1714, 0.003103017807006836]
[1715, 0.003157377243041992]
[1716, 0.003122568130493164]
[1717, 0.0031113624572753906]
[1718, 0.003206491470336914]
[1719, 0.0031561851501464844]
[1720, 0.0031702518463134766]
[1721, 0.003113985061645508]
[1722, 0.003185272216796875]
[1723, 0.003108978271484375]
[1724, 0.0031108856201171875]
[1725, 0.0031690597534179688]
[1726, 0.0033800601959228516]
[1727, 0.003119230270385742]
[1728, 0.003125905990600586]
[1729, 0.003127574920654297]
[1730, 0.0032269954681396484]
[1731, 0.0031328201293945312]
[1732, 0.0031130313873291016]
[1733, 0.003253459930419922]
[1734, 0.0033254623413085938]
[1735, 0.003136157989501953]
[1736, 0.003136157989501953]
[1737, 0.003399372100830078]
[1738, 0.0031328201293945312]
[1739, 0.0031316280364990234]
[1740, 0.003154277801513672]
[1741, 0.0031371116638183594]
[1742, 0.0033860206604003906]
[1743, 0.0031554698944091797]
[1744, 0.003145933151245117]
[1745, 0.003172159194946289]
[1746, 0.0031495094299316406]
[1747, 0.003199338912963867]
[1748, 0.0031554698944091797]
[1749, 0.0031883716583251953]
[1750, 0.003173351287841797]
[1751, 0.0031723976135253906]
[1752, 0.003328561782836914]
[1753, 0.0031518936157226562]
[1754, 0.003170490264892578]
[1755, 0.003175497055053711]
[1756, 0.0031681060791015625]
[1757, 0.0031838417053222656]
[1758, 0.0033011436462402344]
[1759, 0.00322723388671875]
[1760, 0.0031740665435791016]
[1761, 0.003191709518432617]
[1762, 0.003221750259399414]
[1763, 0.003189563751220703]
[1764, 0.0032105445861816406]
[1765, 0.003188610076904297]
[1766, 0.0031807422637939453]
[1767, 0.003192901611328125]
[1768, 0.0031914710998535156]
[1769, 0.003216981887817383]
[1770, 0.003214120864868164]
[1771, 0.0032126903533935547]
[1772, 0.003340482711791992]
[1773, 0.0032966136932373047]
[1774, 0.0032198429107666016]
[1775, 0.0032045841217041016]
[1776, 0.003209829330444336]
[1777, 0.0032346248626708984]
[1778, 0.0032083988189697266]
[1779, 0.003216266632080078]
[1780, 0.003319263458251953]
[1781, 0.00322723388671875]
[1782, 0.003226041793823242]
[1783, 0.0032148361206054688]
[1784, 0.003216981887817383]
[1785, 0.0032367706298828125]
[1786, 0.0033135414123535156]
[1787, 0.0032281875610351562]
[1788, 0.0033109188079833984]
[1789, 0.0032417774200439453]
[1790, 0.0032320022583007812]
[1791, 0.0032439231872558594]
[1792, 0.00325775146484375]
[1793, 0.003253936767578125]
[1794, 0.003290414810180664]
[1795, 0.0032503604888916016]
[1796, 0.0032477378845214844]
[1797, 0.0032575130462646484]
[1798, 0.003258228302001953]
[1799, 0.0032508373260498047]
[1800, 0.0032529830932617188]
[1801, 0.003249645233154297]
[1802, 0.0034754276275634766]
[1803, 0.003255128860473633]
[1804, 0.0032851696014404297]
[1805, 0.0032591819763183594]
[1806, 0.003262042999267578]
[1807, 0.0032837390899658203]
[1808, 0.0032711029052734375]
[1809, 0.0032656192779541016]
[1810, 0.003299713134765625]
[1811, 0.0032701492309570312]
[1812, 0.0035772323608398438]
[1813, 0.0032846927642822266]
[1814, 0.0032777786254882812]
[1815, 0.003299713134765625]
[1816, 0.0032732486724853516]
[1817, 0.003441333770751953]
[1818, 0.0033020973205566406]
[1819, 0.003289937973022461]
[1820, 0.003286600112915039]
[1821, 0.0032956600189208984]
[1822, 0.003316640853881836]
[1823, 0.0033752918243408203]
[1824, 0.003298044204711914]
[1825, 0.003293752670288086]
[1826, 0.0032961368560791016]
[1827, 0.0032951831817626953]
[1828, 0.003297090530395508]
[1829, 0.0033185482025146484]
[1830, 0.0033261775970458984]
[1831, 0.0033299922943115234]
[1832, 0.0033102035522460938]
[1833, 0.003307342529296875]
[1834, 0.003333568572998047]
[1835, 0.003323793411254883]
[1836, 0.003337860107421875]
[1837, 0.0033125877380371094]
[1838, 0.003316164016723633]
[1839, 0.003323793411254883]
[1840, 0.003335237503051758]
[1841, 0.0033371448516845703]
[1842, 0.0033931732177734375]
[1843, 0.003335714340209961]
[1844, 0.003330707550048828]
[1845, 0.0033750534057617188]
[1846, 0.003361225128173828]
[1847, 0.003336668014526367]
[1848, 0.0033409595489501953]
[1849, 0.0037457942962646484]
[1850, 0.003360271453857422]
[1851, 0.0033426284790039062]
[1852, 0.0033435821533203125]
[1853, 0.004075050354003906]
[1854, 0.0033555030822753906]
[1855, 0.003351926803588867]
[1856, 0.003376483917236328]
[1857, 0.003386974334716797]
[1858, 0.0035474300384521484]
[1859, 0.003397226333618164]
[1860, 0.0033693313598632812]
[1861, 0.0033898353576660156]
[1862, 0.0033659934997558594]
[1863, 0.0033593177795410156]
[1864, 0.004178762435913086]
[1865, 0.003439188003540039]
[1866, 0.0033843517303466797]
[1867, 0.0033757686614990234]
[1868, 0.0033655166625976562]
[1869, 0.0034089088439941406]
[1870, 0.0034580230712890625]
[1871, 0.0033884048461914062]
[1872, 0.0034089088439941406]
[1873, 0.0033731460571289062]
[1874, 0.00341033935546875]
[1875, 0.003595113754272461]
[1876, 0.0033898353576660156]
[1877, 0.003449678421020508]
[1878, 0.0033893585205078125]
[1879, 0.003416776657104492]
[1880, 0.003406524658203125]
[1881, 0.0034036636352539062]
[1882, 0.0034079551696777344]
[1883, 0.003449678421020508]
[1884, 0.0034911632537841797]
[1885, 0.0034034252166748047]
[1886, 0.003422260284423828]
[1887, 0.0034143924713134766]
[1888, 0.0034372806549072266]
[1889, 0.0034286975860595703]
[1890, 0.0034215450286865234]
[1891, 0.003424406051635742]
[1892, 0.0034177303314208984]
[1893, 0.003430604934692383]
[1894, 0.0034317970275878906]
[1895, 0.003450632095336914]
[1896, 0.0035712718963623047]
[1897, 0.0034265518188476562]
[1898, 0.0034170150756835938]
[1899, 0.0034329891204833984]
[1900, 0.0034766197204589844]
[1901, 0.0034475326538085938]
[1902, 0.0034737586975097656]
[1903, 0.0034377574920654297]
[1904, 0.0034439563751220703]
[1905, 0.0034360885620117188]
[1906, 0.0034627914428710938]
[1907, 0.003450155258178711]
[1908, 0.0034492015838623047]
[1909, 0.003477334976196289]
[1910, 0.003449678421020508]
[1911, 0.003481149673461914]
[1912, 0.0035610198974609375]
[1913, 0.0034749507904052734]
[1914, 0.0034584999084472656]
[1915, 0.0034627914428710938]
[1916, 0.003467082977294922]
[1917, 0.0034694671630859375]
[1918, 0.0034942626953125]
[1919, 0.0034818649291992188]
[1920, 0.0035066604614257812]
[1921, 0.003463268280029297]
[1922, 0.0034737586975097656]
[1923, 0.003474712371826172]
[1924, 0.003475189208984375]
[1925, 0.003487110137939453]
[1926, 0.0034990310668945312]
[1927, 0.003566741943359375]
[1928, 0.0034780502319335938]
[1929, 0.003542661666870117]
[1930, 0.003480195999145508]
[1931, 0.0034847259521484375]
[1932, 0.0034966468811035156]
[1933, 0.003481149673461914]
[1934, 0.0035347938537597656]
[1935, 0.0034911632537841797]
[1936, 0.003551006317138672]
[1937, 0.0035076141357421875]
[1938, 0.0035974979400634766]
[1939, 0.003518342971801758]
[1940, 0.0035674571990966797]
[1941, 0.0039052963256835938]
[1942, 0.0035181045532226562]
[1943, 0.003516674041748047]
[1944, 0.003505706787109375]
[1945, 0.0035080909729003906]
[1946, 0.0035080909729003906]
[1947, 0.003561735153198242]
[1948, 0.003920555114746094]
[1949, 0.003582000732421875]
[1950, 0.003549814224243164]
[1951, 0.003612995147705078]
[1952, 0.003599405288696289]
[1953, 0.0041713714599609375]
[1954, 0.003545045852661133]
[1955, 0.0035283565521240234]
[1956, 0.003535747528076172]
[1957, 0.0036039352416992188]
[1958, 0.0035965442657470703]
[1959, 0.0035500526428222656]
[1960, 0.0039560794830322266]
[1961, 0.0035529136657714844]
[1962, 0.003591299057006836]
[1963, 0.003544330596923828]
[1964, 0.003561258316040039]
[1965, 0.0035490989685058594]
[1966, 0.003546476364135742]
[1967, 0.003987789154052734]
[1968, 0.0035657882690429688]
[1969, 0.003562450408935547]
[1970, 0.0035610198974609375]
[1971, 0.0036203861236572266]
[1972, 0.0035943984985351562]
[1973, 0.0036132335662841797]
[1974, 0.003957509994506836]
[1975, 0.0036232471466064453]
[1976, 0.003572225570678711]
[1977, 0.0036635398864746094]
[1978, 0.003572225570678711]
[1979, 0.003946781158447266]
[1980, 0.003607511520385742]
[1981, 0.0035665035247802734]
[1982, 0.003622770309448242]
[1983, 0.0035774707794189453]
[1984, 0.0036406517028808594]
[1985, 0.0035924911499023438]
[1986, 0.003998517990112305]
[1987, 0.003594636917114258]
[1988, 0.0035927295684814453]
[1989, 0.0036916732788085938]
[1990, 0.003580331802368164]
[1991, 0.003609895706176758]
[1992, 0.0036230087280273438]
[1993, 0.004281520843505859]
[1994, 0.0036034584045410156]
[1995, 0.003726959228515625]
[1996, 0.0036308765411376953]
[1997, 0.0036046504974365234]
[1998, 0.003651857376098633]
[1999, 0.0039446353912353516]
[2000, 0.0036170482635498047]
[2001, 0.003635883331298828]
[2002, 0.003637552261352539]
[2003, 0.003652811050415039]
[2004, 0.003622770309448242]
[2005, 0.0036318302154541016]
[2006, 0.0036237239837646484]
[2007, 0.0036649703979492188]
[2008, 0.0036253929138183594]
[2009, 0.0036649703979492188]
[2010, 0.0037114620208740234]
[2011, 0.0036573410034179688]
[2012, 0.003660440444946289]
[2013, 0.00366973876953125]
[2014, 0.0036728382110595703]
[2015, 0.0036575794219970703]
[2016, 0.0036644935607910156]
[2017, 0.003671407699584961]
[2018, 0.0036635398864746094]
[2019, 0.003728628158569336]
[2020, 0.0036695003509521484]
[2021, 0.0037004947662353516]
[2022, 0.0036580562591552734]
[2023, 0.003692626953125]
[2024, 0.0036611557006835938]
[2025, 0.0038101673126220703]
[2026, 0.0037016868591308594]
[2027, 0.0037076473236083984]
[2028, 0.003687143325805664]
[2029, 0.0036916732788085938]
[2030, 0.003687143325805664]
[2031, 0.003681659698486328]
[2032, 0.003693103790283203]
[2033, 0.003716707229614258]
[2034, 0.003691434860229492]
[2035, 0.003733396530151367]
[2036, 0.0037081241607666016]
[2037, 0.003729581832885742]
[2038, 0.003690481185913086]
[2039, 0.003713369369506836]
[2040, 0.003755331039428711]
[2041, 0.0037157535552978516]
[2042, 0.0038428306579589844]
[2043, 0.0038475990295410156]
[2044, 0.003720998764038086]
[2045, 0.003790140151977539]
[2046, 0.003702878952026367]
[2047, 0.0037162303924560547]
[2048, 0.003702878952026367]
[2049, 0.003777742385864258]
[2050, 0.003795146942138672]
[2051, 0.0039539337158203125]
[2052, 0.0039403438568115234]
[2053, 0.0039598941802978516]
[2054, 0.004029750823974609]
[2055, 0.0041158199310302734]
[2056, 0.0041561126708984375]
[2057, 0.004329204559326172]
[2058, 0.004318952560424805]
[2059, 0.0043108463287353516]
[2060, 0.0043582916259765625]
[2061, 0.004556894302368164]
[2062, 0.0045239925384521484]
[2063, 0.0045812129974365234]
[2064, 0.004632711410522461]
[2065, 0.00481724739074707]
[2066, 0.004721879959106445]
[2067, 0.004791975021362305]
[2068, 0.004846334457397461]
[2069, 0.004902839660644531]
[2070, 0.004932880401611328]
[2071, 0.004975557327270508]
[2072, 0.005037069320678711]
[2073, 0.005123615264892578]
[2074, 0.005213737487792969]
[2075, 0.005209684371948242]
[2076, 0.0052950382232666016]
[2077, 0.0053174495697021484]
[2078, 0.005388021469116211]
[2079, 0.005470752716064453]
[2080, 0.0055010318756103516]
[2081, 0.005557537078857422]
[2082, 0.005513668060302734]
[2083, 0.005548715591430664]
[2084, 0.0055234432220458984]
[2085, 0.005543708801269531]
[2086, 0.0055577754974365234]
[2087, 0.005551338195800781]
[2088, 0.005548238754272461]
[2089, 0.005559682846069336]
[2090, 0.005534648895263672]
[2091, 0.0055675506591796875]
[2092, 0.005526304244995117]
[2093, 0.005570411682128906]
[2094, 0.005623340606689453]
[2095, 0.005591392517089844]
[2096, 0.005556821823120117]
[2097, 0.0055751800537109375]
[2098, 0.005571126937866211]
[2099, 0.005639314651489258]
[2100, 0.00574493408203125]
[2101, 0.0055484771728515625]
[2102, 0.005609750747680664]
[2103, 0.005563020706176758]
[2104, 0.005701541900634766]
[2105, 0.005589723587036133]
[2106, 0.00557398796081543]
[2107, 0.005599498748779297]
[2108, 0.0055735111236572266]
[2109, 0.005589008331298828]
[2110, 0.005597829818725586]
[2111, 0.005585908889770508]
[2112, 0.005616188049316406]
[2113, 0.005650520324707031]
[2114, 0.005610942840576172]
[2115, 0.00561213493347168]
[2116, 0.00560760498046875]
[2117, 0.005620718002319336]
[2118, 0.005629777908325195]
[2119, 0.005612373352050781]
[2120, 0.005631685256958008]
[2121, 0.005641460418701172]
[2122, 0.005620718002319336]
[2123, 0.00565028190612793]
[2124, 0.005639314651489258]
[2125, 0.005633354187011719]
[2126, 0.0056231021881103516]
[2127, 0.0056400299072265625]
[2128, 0.005639553070068359]
[2129, 0.0056722164154052734]
[2130, 0.0056531429290771484]
[2131, 0.0056552886962890625]
[2132, 0.0056650638580322266]
[2133, 0.005671262741088867]
[2134, 0.005723714828491211]
[2135, 0.005666017532348633]
[2136, 0.005690336227416992]
[2137, 0.005668163299560547]
[2138, 0.0056629180908203125]
[2139, 0.00570988655090332]
[2140, 0.005687713623046875]
[2141, 0.005692005157470703]
[2142, 0.005700349807739258]
[2143, 0.00567936897277832]
[2144, 0.005685091018676758]
[2145, 0.005698204040527344]
[2146, 0.005707502365112305]
[2147, 0.005687236785888672]
[2148, 0.005697488784790039]
[2149, 0.005703449249267578]
[2150, 0.0056993961334228516]
[2151, 0.005732536315917969]
[2152, 0.005722761154174805]
[2153, 0.005766153335571289]
[2154, 0.005745649337768555]
[2155, 0.005721569061279297]
[2156, 0.005734920501708984]
[2157, 0.0057163238525390625]
[2158, 0.0057468414306640625]
[2159, 0.0057201385498046875]
[2160, 0.0057561397552490234]
[2161, 0.005755901336669922]
[2162, 0.005745410919189453]
[2163, 0.005742788314819336]
[2164, 0.005786895751953125]
[2165, 0.0057485103607177734]
[2166, 0.005758523941040039]
[2167, 0.0057582855224609375]
[2168, 0.005744218826293945]
[2169, 0.005767345428466797]
[2170, 0.005780458450317383]
[2171, 0.005778074264526367]
[2172, 0.0057621002197265625]
[2173, 0.005759716033935547]
[2174, 0.005778789520263672]
[2175, 0.005784749984741211]
[2176, 0.005776405334472656]
[2177, 0.005865812301635742]
[2178, 0.005781412124633789]
[2179, 0.005810976028442383]
[2180, 0.005787372589111328]
[2181, 0.0057830810546875]
[2182, 0.005819082260131836]
[2183, 0.00579380989074707]
[2184, 0.0057981014251708984]
[2185, 0.0057904720306396484]
[2186, 0.005797147750854492]
[2187, 0.005792856216430664]
[2188, 0.005791187286376953]
[2189, 0.005800485610961914]
[2190, 0.00582432746887207]
[2191, 0.005808830261230469]
[2192, 0.005845069885253906]
[2193, 0.005816936492919922]
[2194, 0.0058290958404541016]
[2195, 0.005836963653564453]
[2196, 0.0058248043060302734]
[2197, 0.005819082260131836]
[2198, 0.005831718444824219]
[2199, 0.005846977233886719]
[2200, 0.005879878997802734]
[2201, 0.005826234817504883]
[2202, 0.0058519840240478516]
[2203, 0.005844831466674805]
[2204, 0.0059185028076171875]
[2205, 0.005848407745361328]
[2206, 0.005980491638183594]
[2207, 0.005884885787963867]
[2208, 0.005846500396728516]
[2209, 0.0059087276458740234]
[2210, 0.005856990814208984]
[2211, 0.005868673324584961]
[2212, 0.005877971649169922]
[2213, 0.005895376205444336]
[2214, 0.005875825881958008]
[2215, 0.00593876838684082]
[2216, 0.0058705806732177734]
[2217, 0.0058901309967041016]
[2218, 0.005897045135498047]
[2219, 0.005949258804321289]
[2220, 0.00592494010925293]
[2221, 0.005902767181396484]
[2222, 0.005893707275390625]
[2223, 0.005899190902709961]
[2224, 0.0058956146240234375]
[2225, 0.005918025970458984]
[2226, 0.005890369415283203]
[2227, 0.005912065505981445]
[2228, 0.005906343460083008]
[2229, 0.0059168338775634766]
[2230, 0.0059528350830078125]
[2231, 0.005936145782470703]
[2232, 0.005921125411987305]
[2233, 0.005934238433837891]
[2234, 0.005926847457885742]
[2235, 0.00591731071472168]
[2236, 0.0059468746185302734]
[2237, 0.005997896194458008]
[2238, 0.005940914154052734]
[2239, 0.005938053131103516]
[2240, 0.005928993225097656]
[2241, 0.005936384201049805]
[2242, 0.006039142608642578]
[2243, 0.006014347076416016]
[2244, 0.005956172943115234]
[2245, 0.005963563919067383]
[2246, 0.005970001220703125]
[2247, 0.006008148193359375]
[2248, 0.005960702896118164]
[2249, 0.005972385406494141]
[2250, 0.005977630615234375]
[2251, 0.0059812068939208984]
[2252, 0.005989551544189453]
[2253, 0.005967855453491211]
[2254, 0.005996227264404297]
[2255, 0.005980253219604492]
[2256, 0.005989789962768555]
[2257, 0.0060079097747802734]
[2258, 0.005987644195556641]
[2259, 0.005987644195556641]
[2260, 0.006007671356201172]
[2261, 0.006028652191162109]
[2262, 0.005988597869873047]
[2263, 0.005999565124511719]
[2264, 0.0059888362884521484]
[2265, 0.00600886344909668]
[2266, 0.006027698516845703]
[2267, 0.0061244964599609375]
[2268, 0.006140947341918945]
[2269, 0.006006956100463867]
[2270, 0.0060122013092041016]
[2271, 0.006058931350708008]
[2272, 0.006029367446899414]
[2273, 0.006031513214111328]
[2274, 0.0060617923736572266]
[2275, 0.006161928176879883]
[2276, 0.006106138229370117]
[2277, 0.006121397018432617]
[2278, 0.006219625473022461]
[2279, 0.00603485107421875]
[2280, 0.006041288375854492]
[2281, 0.006055116653442383]
[2282, 0.006064653396606445]
[2283, 0.006052970886230469]
[2284, 0.0061190128326416016]
[2285, 0.006084918975830078]
[2286, 0.0060575008392333984]
[2287, 0.006055355072021484]
[2288, 0.006055355072021484]
[2289, 0.006160736083984375]
[2290, 0.006113767623901367]
[2291, 0.006211519241333008]
[2292, 0.0060694217681884766]
[2293, 0.006085634231567383]
[2294, 0.00619053840637207]
[2295, 0.00611114501953125]
[2296, 0.00606989860534668]
[2297, 0.006094217300415039]
[2298, 0.006105899810791016]
[2299, 0.0060808658599853516]
[2300, 0.006114959716796875]
[2301, 0.006132602691650391]
[2302, 0.0060923099517822266]
[2303, 0.006116151809692383]
[2304, 0.006119251251220703]
[2305, 0.006117582321166992]
[2306, 0.006117343902587891]
[2307, 0.006136894226074219]
[2308, 0.006113767623901367]
[2309, 0.00613093376159668]
[2310, 0.006165266036987305]
[2311, 0.0061228275299072266]
[2312, 0.006150245666503906]
[2313, 0.006131172180175781]
[2314, 0.006139278411865234]
[2315, 0.006168365478515625]
[2316, 0.0061435699462890625]
[2317, 0.006148338317871094]
[2318, 0.006127595901489258]
[2319, 0.006164073944091797]
[2320, 0.006133079528808594]
[2321, 0.006209850311279297]
[2322, 0.006170749664306641]
[2323, 0.006156444549560547]
[2324, 0.00618743896484375]
[2325, 0.006315708160400391]
[2326, 0.006188869476318359]
[2327, 0.006169557571411133]
[2328, 0.00616908073425293]
[2329, 0.0062367916107177734]
[2330, 0.006181001663208008]
[2331, 0.006182670593261719]
[2332, 0.006203889846801758]
[2333, 0.0062024593353271484]
[2334, 0.006180524826049805]
[2335, 0.00621342658996582]
[2336, 0.006193876266479492]
[2337, 0.0061931610107421875]
[2338, 0.006201267242431641]
[2339, 0.006228923797607422]
[2340, 0.006227016448974609]
[2341, 0.0062313079833984375]
[2342, 0.006202220916748047]
[2343, 0.006221294403076172]
[2344, 0.006263256072998047]
[2345, 0.00620722770690918]
[2346, 0.006239891052246094]
[2347, 0.0062177181243896484]
[2348, 0.006274700164794922]
[2349, 0.006255626678466797]
[2350, 0.006333827972412109]
[2351, 0.006244659423828125]
[2352, 0.006241321563720703]
[2353, 0.006237983703613281]
[2354, 0.006245851516723633]
[2355, 0.006253480911254883]
[2356, 0.00631403923034668]
[2357, 0.0062444210052490234]
[2358, 0.006285429000854492]
[2359, 0.006247520446777344]
[2360, 0.006244659423828125]
[2361, 0.006298065185546875]
[2362, 0.006259918212890625]
[2363, 0.006299495697021484]
[2364, 0.006255388259887695]
[2365, 0.006309986114501953]
[2366, 0.0062716007232666016]
[2367, 0.00628662109375]
[2368, 0.00629878044128418]
[2369, 0.0063250064849853516]
[2370, 0.006297588348388672]
[2371, 0.0062923431396484375]
[2372, 0.006300687789916992]
[2373, 0.0063054561614990234]
[2374, 0.006340503692626953]
[2375, 0.006276845932006836]
[2376, 0.006307363510131836]
[2377, 0.006284236907958984]
[2378, 0.0062944889068603516]
[2379, 0.006319761276245117]
[2380, 0.006327390670776367]
[2381, 0.006318092346191406]
[2382, 0.006376981735229492]
[2383, 0.006391048431396484]
[2384, 0.006388187408447266]
[2385, 0.006329774856567383]
[2386, 0.0063321590423583984]
[2387, 0.006331443786621094]
[2388, 0.006371259689331055]
[2389, 0.006337642669677734]
[2390, 0.006366252899169922]
[2391, 0.006403207778930664]
[2392, 0.006350517272949219]
[2393, 0.006371259689331055]
[2394, 0.0063669681549072266]
[2395, 0.0063648223876953125]
[2396, 0.006354093551635742]
[2397, 0.0064754486083984375]
[2398, 0.006381034851074219]
[2399, 0.0063588619232177734]
[2400, 0.006415843963623047]
[2401, 0.0063648223876953125]
[2402, 0.006374359130859375]
[2403, 0.00637507438659668]
[2404, 0.006371736526489258]
[2405, 0.00638127326965332]
[2406, 0.006423473358154297]
[2407, 0.006381511688232422]
[2408, 0.006502389907836914]
[2409, 0.0064029693603515625]
[2410, 0.006400585174560547]
[2411, 0.00642085075378418]
[2412, 0.006402730941772461]
[2413, 0.006389141082763672]
[2414, 0.0063953399658203125]
[2415, 0.006417989730834961]
[2416, 0.0064547061920166016]
[2417, 0.0064737796783447266]
[2418, 0.006515026092529297]
[2419, 0.006422996520996094]
[2420, 0.006418466567993164]
[2421, 0.0064852237701416016]
[2422, 0.0064394474029541016]
[2423, 0.006426334381103516]
[2424, 0.006421327590942383]
[2425, 0.006422519683837891]
[2426, 0.006524085998535156]
[2427, 0.006448268890380859]
[2428, 0.006453037261962891]
[2429, 0.00643157958984375]
[2430, 0.006433725357055664]
[2431, 0.006455183029174805]
[2432, 0.0064504146575927734]
[2433, 0.0064697265625]
[2434, 0.006462812423706055]
[2435, 0.0065250396728515625]
[2436, 0.0064754486083984375]
[2437, 0.0064563751220703125]
[2438, 0.006455421447753906]
[2439, 0.006460905075073242]
[2440, 0.006461143493652344]
[2441, 0.0064923763275146484]
[2442, 0.006482362747192383]
[2443, 0.006473541259765625]
[2444, 0.006490468978881836]
[2445, 0.006499528884887695]
[2446, 0.00649714469909668]
[2447, 0.0065000057220458984]
[2448, 0.0065000057220458984]
[2449, 0.006481647491455078]
[2450, 0.0064809322357177734]
[2451, 0.006479501724243164]
[2452, 0.006506204605102539]
[2453, 0.0064966678619384766]
[2454, 0.006514787673950195]
[2455, 0.006509542465209961]
[2456, 0.00654911994934082]
[2457, 0.00651860237121582]
[2458, 0.006509542465209961]
[2459, 0.006535768508911133]
[2460, 0.00666356086730957]
[2461, 0.00653386116027832]
[2462, 0.006516218185424805]
[2463, 0.006550788879394531]
[2464, 0.006539106369018555]
[2465, 0.00654149055480957]
[2466, 0.0065419673919677734]
[2467, 0.006550312042236328]
[2468, 0.006541728973388672]
[2469, 0.0066165924072265625]
[2470, 0.006562948226928711]
[2471, 0.006558656692504883]
[2472, 0.006624460220336914]
[2473, 0.006560087203979492]
[2474, 0.006559848785400391]
[2475, 0.006565093994140625]
[2476, 0.006580829620361328]
[2477, 0.006564140319824219]
[2478, 0.006573200225830078]
[2479, 0.00656437873840332]
[2480, 0.006594181060791016]
[2481, 0.00659942626953125]
[2482, 0.0065898895263671875]
[2483, 0.006601572036743164]
[2484, 0.006600141525268555]
[2485, 0.006649017333984375]
[2486, 0.006577968597412109]
[2487, 0.006674766540527344]
[2488, 0.006600141525268555]
[2489, 0.006591320037841797]
[2490, 0.006624460220336914]
[2491, 0.006600379943847656]
[2492, 0.006618499755859375]
[2493, 0.0066242218017578125]
[2494, 0.006669044494628906]
[2495, 0.006634950637817383]
[2496, 0.0067138671875]
[2497, 0.0066411495208740234]
[2498, 0.006624460220336914]
[2499, 0.00661015510559082]
[2500, 0.0066716670989990234]
[2501, 0.00662684440612793]
[2502, 0.006654024124145508]
[2503, 0.006628274917602539]
[2504, 0.006658315658569336]
[2505, 0.006654262542724609]
[2506, 0.006665945053100586]
[2507, 0.006670475006103516]
[2508, 0.006678581237792969]
[2509, 0.006677150726318359]
[2510, 0.0067174434661865234]
[2511, 0.006653308868408203]
[2512, 0.006657123565673828]
[2513, 0.006666421890258789]
[2514, 0.006687641143798828]
[2515, 0.0067424774169921875]
[2516, 0.0066568851470947266]
[2517, 0.0066890716552734375]
[2518, 0.006683349609375]
[2519, 0.006682872772216797]
[2520, 0.006693124771118164]
[2521, 0.006682395935058594]
[2522, 0.006676435470581055]
[2523, 0.006704807281494141]
[2524, 0.006809711456298828]
[2525, 0.006704807281494141]
[2526, 0.0067555904388427734]
[2527, 0.006712436676025391]
[2528, 0.006712198257446289]
[2529, 0.00672602653503418]
[2530, 0.006779193878173828]
[2531, 0.0067217350006103516]
[2532, 0.006726980209350586]
[2533, 0.006722688674926758]
[2534, 0.006730556488037109]
[2535, 0.006722211837768555]
[2536, 0.0067348480224609375]
[2537, 0.006725788116455078]
[2538, 0.006742715835571289]
[2539, 0.006728172302246094]
[2540, 0.00677180290222168]
[2541, 0.006817817687988281]
[2542, 0.006830453872680664]
[2543, 0.006745815277099609]
[2544, 0.006758451461791992]
[2545, 0.006758689880371094]
[2546, 0.006757020950317383]
[2547, 0.006767988204956055]
[2548, 0.006745100021362305]
[2549, 0.006793975830078125]
[2550, 0.006960868835449219]
[2551, 0.0068073272705078125]
[2552, 0.0067708492279052734]
[2553, 0.0068018436431884766]
[2554, 0.0067942142486572266]
[2555, 0.006797075271606445]
[2556, 0.00678706169128418]
[2557, 0.0068089962005615234]
[2558, 0.0067594051361083984]
[2559, 0.00684046745300293]
[2560, 0.0067975521087646484]
[2561, 0.006799221038818359]
[2562, 0.006807565689086914]
[2563, 0.006815910339355469]
[2564, 0.006864070892333984]
[2565, 0.006809234619140625]
[2566, 0.006980419158935547]
[2567, 0.006801605224609375]
[2568, 0.0068111419677734375]
[2569, 0.006812095642089844]
[2570, 0.006830453872680664]
[2571, 0.006830692291259766]
[2572, 0.0068204402923583984]
[2573, 0.006827116012573242]
[2574, 0.006819486618041992]
[2575, 0.006810188293457031]
[2576, 0.006822824478149414]
[2577, 0.006842136383056641]
[2578, 0.006855010986328125]
[2579, 0.006848812103271484]
[2580, 0.0068454742431640625]
[2581, 0.00690460205078125]
[2582, 0.006858110427856445]
[2583, 0.006840705871582031]
[2584, 0.006842613220214844]
[2585, 0.006878852844238281]
[2586, 0.006857156753540039]
[2587, 0.006858110427856445]
[2588, 0.006864786148071289]
[2589, 0.006861209869384766]
[2590, 0.0069539546966552734]
[2591, 0.00687861442565918]
[2592, 0.006880760192871094]
[2593, 0.006882905960083008]
[2594, 0.006878852844238281]
[2595, 0.006893157958984375]
[2596, 0.006889820098876953]
[2597, 0.006888389587402344]
[2598, 0.006891965866088867]
[2599, 0.006890296936035156]
[2600, 0.006937265396118164]
[2601, 0.006935596466064453]
[2602, 0.00690770149230957]
[2603, 0.0069026947021484375]
[2604, 0.006999015808105469]
[2605, 0.0068972110748291016]
[2606, 0.0069043636322021484]
[2607, 0.006997823715209961]
[2608, 0.00691533088684082]
[2609, 0.006913900375366211]
[2610, 0.00697636604309082]
[2611, 0.006918668746948242]
[2612, 0.006944894790649414]
[2613, 0.006924629211425781]
[2614, 0.006937503814697266]
[2615, 0.006943702697753906]
[2616, 0.0069675445556640625]
[2617, 0.006925106048583984]
[2618, 0.006960868835449219]
[2619, 0.006972312927246094]
[2620, 0.006958484649658203]
[2621, 0.00696253776550293]
[2622, 0.006948232650756836]
[2623, 0.006977558135986328]
[2624, 0.006954193115234375]
[2625, 0.006952762603759766]
[2626, 0.0070841312408447266]
[2627, 0.006989002227783203]
[2628, 0.006979703903198242]
[2629, 0.007027387619018555]
[2630, 0.00701904296875]
[2631, 0.006995439529418945]
[2632, 0.006974220275878906]
[2633, 0.0070612430572509766]
[2634, 0.007020711898803711]
[2635, 0.0069959163665771484]
[2636, 0.00699305534362793]
[2637, 0.006996631622314453]
[2638, 0.007016897201538086]
[2639, 0.006998538970947266]
[2640, 0.007013797760009766]
[2641, 0.007001638412475586]
[2642, 0.007008790969848633]
[2643, 0.0069963932037353516]
[2644, 0.007051706314086914]
[2645, 0.00702357292175293]
[2646, 0.007032632827758789]
[2647, 0.007022857666015625]
[2648, 0.0070247650146484375]
[2649, 0.007035017013549805]
[2650, 0.0070400238037109375]
[2651, 0.007039308547973633]
[2652, 0.0070438385009765625]
[2653, 0.00704646110534668]
[2654, 0.007064104080200195]
[2655, 0.007040500640869141]
[2656, 0.007044315338134766]
[2657, 0.007054328918457031]
[2658, 0.0070421695709228516]
[2659, 0.007034778594970703]
[2660, 0.007056713104248047]
[2661, 0.007067441940307617]
[2662, 0.007120609283447266]
[2663, 0.007063388824462891]
[2664, 0.007175922393798828]
[2665, 0.007071256637573242]
[2666, 0.007083892822265625]
[2667, 0.007080793380737305]
[2668, 0.007089376449584961]
[2669, 0.007100105285644531]
[2670, 0.007109880447387695]
[2671, 0.0070912837982177734]
[2672, 0.007093191146850586]
[2673, 0.007104158401489258]
[2674, 0.0070798397064208984]
[2675, 0.0070934295654296875]
[2676, 0.007095813751220703]
[2677, 0.007105827331542969]
[2678, 0.00709986686706543]
[2679, 0.007111549377441406]
[2680, 0.007128477096557617]
[2681, 0.007324934005737305]
[2682, 0.00712275505065918]
[2683, 0.0071184635162353516]
[2684, 0.007123231887817383]
[2685, 0.007117748260498047]
[2686, 0.007129669189453125]
[2687, 0.00712275505065918]
[2688, 0.007138729095458984]
[2689, 0.00713348388671875]
[2690, 0.007132291793823242]
[2691, 0.007160663604736328]
[2692, 0.007123231887817383]
[2693, 0.007231235504150391]
[2694, 0.007162809371948242]
[2695, 0.007145881652832031]
[2696, 0.007157087326049805]
[2697, 0.00715184211730957]
[2698, 0.007174253463745117]
[2699, 0.007174015045166016]
[2700, 0.0071713924407958984]
[2701, 0.007148265838623047]
[2702, 0.007185220718383789]
[2703, 0.007197141647338867]
[2704, 0.007162570953369141]
[2705, 0.00719904899597168]
[2706, 0.007181882858276367]
[2707, 0.007180929183959961]
[2708, 0.007179975509643555]
[2709, 0.007174491882324219]
[2710, 0.007200479507446289]
[2711, 0.0073926448822021484]
[2712, 0.007194042205810547]
[2713, 0.007213115692138672]
[2714, 0.0071828365325927734]
[2715, 0.007216691970825195]
[2716, 0.007212162017822266]
[2717, 0.007218122482299805]
[2718, 0.007223367691040039]
[2719, 0.007195949554443359]
[2720, 0.0072329044342041016]
[2721, 0.007222175598144531]
[2722, 0.007222414016723633]
[2723, 0.007240772247314453]
[2724, 0.007294654846191406]
[2725, 0.007224321365356445]
[2726, 0.007210969924926758]
[2727, 0.007230997085571289]
[2728, 0.00724029541015625]
[2729, 0.007254123687744141]
[2730, 0.007331132888793945]
[2731, 0.007269144058227539]
[2732, 0.007288217544555664]
[2733, 0.007262229919433594]
[2734, 0.007283926010131836]
[2735, 0.007320880889892578]
[2736, 0.00727391242980957]
[2737, 0.007260560989379883]
[2738, 0.007272958755493164]
[2739, 0.007249355316162109]
[2740, 0.0072743892669677734]
[2741, 0.007276296615600586]
[2742, 0.007309913635253906]
[2743, 0.007292032241821289]
[2744, 0.0072743892669677734]
[2745, 0.0072841644287109375]
[2746, 0.0072820186614990234]
[2747, 0.0073015689849853516]
[2748, 0.007280826568603516]
[2749, 0.007290363311767578]
[2750, 0.007313966751098633]
[2751, 0.007315397262573242]
[2752, 0.0072803497314453125]
[2753, 0.0073261260986328125]
[2754, 0.007322549819946289]
[2755, 0.007333517074584961]
[2756, 0.007319211959838867]
[2757, 0.007363319396972656]
[2758, 0.0074045658111572266]
[2759, 0.007349967956542969]
[2760, 0.007317543029785156]
[2761, 0.007300138473510742]
[2762, 0.007325172424316406]
[2763, 0.007359743118286133]
[2764, 0.007404327392578125]
[2765, 0.00731348991394043]
[2766, 0.007400035858154297]
[2767, 0.007357597351074219]
[2768, 0.007345676422119141]
[2769, 0.00734710693359375]
[2770, 0.007378816604614258]
[2771, 0.007373809814453125]
[2772, 0.007352590560913086]
[2773, 0.007412910461425781]
[2774, 0.007360696792602539]
[2775, 0.007368326187133789]
[2776, 0.0073604583740234375]
[2777, 0.007379293441772461]
[2778, 0.007379293441772461]
[2779, 0.00738072395324707]
[2780, 0.007374286651611328]
[2781, 0.007392406463623047]
[2782, 0.007379770278930664]
[2783, 0.0074481964111328125]
[2784, 0.007387399673461914]
[2785, 0.007389068603515625]
[2786, 0.00741124153137207]
[2787, 0.007427215576171875]
[2788, 0.007437467575073242]
[2789, 0.007444858551025391]
[2790, 0.0074367523193359375]
[2791, 0.007398843765258789]
[2792, 0.0073893070220947266]
[2793, 0.0074481964111328125]
[2794, 0.007434844970703125]
[2795, 0.007784128189086914]
[2796, 0.007457256317138672]
[2797, 0.007433652877807617]
[2798, 0.007406949996948242]
[2799, 0.007422208786010742]
[2800, 0.0074291229248046875]
[2801, 0.0074615478515625]
[2802, 0.007437705993652344]
[2803, 0.007500648498535156]
[2804, 0.007447004318237305]
[2805, 0.007471561431884766]
[2806, 0.007451295852661133]
[2807, 0.0074634552001953125]
[2808, 0.007504701614379883]
[2809, 0.00743412971496582]
[2810, 0.007601261138916016]
[2811, 0.007458209991455078]
[2812, 0.007477998733520508]
[2813, 0.007456302642822266]
[2814, 0.0074656009674072266]
[2815, 0.007474422454833984]
[2816, 0.00748443603515625]
[2817, 0.007500410079956055]
[2818, 0.007472038269042969]
[2819, 0.007477998733520508]
[2820, 0.007494211196899414]
[2821, 0.007490873336791992]
[2822, 0.007512331008911133]
[2823, 0.00747370719909668]
[2824, 0.007517576217651367]
[2825, 0.007502317428588867]
[2826, 0.007510185241699219]
[2827, 0.007550239562988281]
[2828, 0.007514238357543945]
[2829, 0.00751185417175293]
[2830, 0.00751185417175293]
[2831, 0.007534027099609375]
[2832, 0.007570028305053711]
[2833, 0.007511615753173828]
[2834, 0.007504701614379883]
[2835, 0.00755000114440918]
[2836, 0.007529020309448242]
[2837, 0.0075414180755615234]
[2838, 0.007541179656982422]
[2839, 0.007550239562988281]
[2840, 0.007590293884277344]
[2841, 0.007554531097412109]
[2842, 0.007554054260253906]
[2843, 0.007566928863525391]
[2844, 0.007570505142211914]
[2845, 0.007550954818725586]
[2846, 0.007611274719238281]
[2847, 0.0076639652252197266]
[2848, 0.007559776306152344]
[2849, 0.0075991153717041016]
[2850, 0.007620573043823242]
[2851, 0.007570505142211914]
[2852, 0.007581472396850586]
[2853, 0.007572650909423828]
[2854, 0.007672309875488281]
[2855, 0.007592678070068359]
[2856, 0.007574796676635742]
[2857, 0.007565498352050781]
[2858, 0.0076007843017578125]
[2859, 0.007590770721435547]
[2860, 0.007590055465698242]
[2861, 0.007600307464599609]
[2862, 0.0075991153717041016]
[2863, 0.007596254348754883]
[2864, 0.007601499557495117]
[2865, 0.007610321044921875]
[2866, 0.0076406002044677734]
[2867, 0.0076084136962890625]
[2868, 0.007626771926879883]
[2869, 0.007614850997924805]
[2870, 0.00761723518371582]
[2871, 0.007656097412109375]
[2872, 0.007614612579345703]
[2873, 0.007649660110473633]
[2874, 0.007699012756347656]
[2875, 0.007627010345458984]
[2876, 0.0077419281005859375]
[2877, 0.007652997970581055]
[2878, 0.007651567459106445]
[2879, 0.007660627365112305]
[2880, 0.007642269134521484]
[2881, 0.007664918899536133]
[2882, 0.007630586624145508]
[2883, 0.0076634883880615234]
[2884, 0.0076618194580078125]
[2885, 0.007689714431762695]
[2886, 0.0076580047607421875]
[2887, 0.007677555084228516]
[2888, 0.007668018341064453]
[2889, 0.007695436477661133]
[2890, 0.007664918899536133]
[2891, 0.007737398147583008]
[2892, 0.0076885223388671875]
[2893, 0.007715463638305664]
[2894, 0.007660627365112305]
[2895, 0.007818937301635742]
[2896, 0.0077517032623291016]
[2897, 0.007738590240478516]
[2898, 0.007706642150878906]
[2899, 0.007689237594604492]
[2900, 0.007729768753051758]
[2901, 0.007704734802246094]
[2902, 0.00780177116394043]
[2903, 0.007708549499511719]
[2904, 0.0077440738677978516]
[2905, 0.007702350616455078]
[2906, 0.007718324661254883]
[2907, 0.007883548736572266]
[2908, 0.007737159729003906]
[2909, 0.007962942123413086]
[2910, 0.00773930549621582]
[2911, 0.007714986801147461]
[2912, 0.007736921310424805]
[2913, 0.007757425308227539]
[2914, 0.007741689682006836]
[2915, 0.007748126983642578]
[2916, 0.007759571075439453]
[2917, 0.007891654968261719]
[2918, 0.007765054702758789]
[2919, 0.00774836540222168]
[2920, 0.007777690887451172]
[2921, 0.00777745246887207]
[2922, 0.00777125358581543]
[2923, 0.007771968841552734]
[2924, 0.00778961181640625]
[2925, 0.00777745246887207]
[2926, 0.007847070693969727]
[2927, 0.007773160934448242]
[2928, 0.007808208465576172]
