[0, 2.86102294921875e-06]
[1, 2.6226043701171875e-06]
[2, 3.0994415283203125e-06]
[3, 3.337860107421875e-06]
[4, 3.0994415283203125e-06]
[5, 3.5762786865234375e-06]
[6, 3.814697265625e-06]
[7, 4.76837158203125e-06]
[8, 5.0067901611328125e-06]
[9, 5.4836273193359375e-06]
[10, 6.67572021484375e-06]
[11, 8.106231689453125e-06]
[12, 9.298324584960938e-06]
[13, 1.049041748046875e-05]
[14, 1.1444091796875e-05]
[15, 1.239776611328125e-05]
[16, 1.7404556274414062e-05]
[17, 1.52587890625e-05]
[18, 1.4543533325195312e-05]
[19, 1.7642974853515625e-05]
[20, 2.193450927734375e-05]
[21, 2.3603439331054688e-05]
[22, 2.288818359375e-05]
[23, 2.6464462280273438e-05]
[24, 3.0279159545898438e-05]
[25, 2.1457672119140625e-05]
[26, 3.0517578125e-05]
[27, 3.4809112548828125e-05]
[28, 3.8623809814453125e-05]
[29, 3.62396240234375e-05]
[30, 3.814697265625e-05]
[31, 4.2438507080078125e-05]
[32, 3.4809112548828125e-05]
[33, 5.53131103515625e-05]
[34, 4.6253204345703125e-05]
[35, 5.650520324707031e-05]
[36, 4.935264587402344e-05]
[37, 6.365776062011719e-05]
[38, 6.556510925292969e-05]
[39, 7.152557373046875e-05]
[40, 7.605552673339844e-05]
[41, 8.702278137207031e-05]
[42, 6.890296936035156e-05]
[43, 9.298324584960938e-05]
[44, 0.00010275840759277344]
[45, 0.0002162456512451172]
[46, 0.00019550323486328125]
[47, 0.00020742416381835938]
[48, 0.00023627281188964844]
[49, 0.00017714500427246094]
[50, 0.00013947486877441406]
[51, 0.00011682510375976562]
[52, 0.00010919570922851562]
[53, 0.00014519691467285156]
[54, 0.00011968612670898438]
[55, 0.00011849403381347656]
[56, 0.0001354217529296875]
[57, 0.00014328956604003906]
[58, 0.00013399124145507812]
[59, 0.00013399124145507812]
[60, 0.00017404556274414062]
[61, 0.00017023086547851562]
[62, 0.0001404285430908203]
[63, 0.00016570091247558594]
[64, 0.0001621246337890625]
[65, 7.843971252441406e-05]
[66, 7.867813110351562e-05]
[67, 7.534027099609375e-05]
[68, 7.867813110351562e-05]
[69, 7.2479248046875e-05]
[70, 7.462501525878906e-05]
[71, 7.581710815429688e-05]
[72, 7.867813110351562e-05]
[73, 8.726119995117188e-05]
[74, 8.559226989746094e-05]
[75, 8.702278137207031e-05]
[76, 0.00010132789611816406]
[77, 9.560585021972656e-05]
[78, 9.083747863769531e-05]
[79, 0.00010013580322265625]
[80, 0.00011777877807617188]
[81, 9.107589721679688e-05]
[82, 9.298324584960938e-05]
[83, 9.632110595703125e-05]
[84, 0.00010633468627929688]
[85, 0.00010633468627929688]
[86, 0.00011086463928222656]
[87, 0.00012159347534179688]
[88, 0.00010275840759277344]
[89, 0.00011372566223144531]
[90, 0.00011849403381347656]
[91, 0.00013208389282226562]
[92, 0.00011134147644042969]
[93, 0.00012350082397460938]
[94, 0.0001251697540283203]
[95, 0.00013184547424316406]
[96, 0.00012159347534179688]
[97, 0.00011467933654785156]
[98, 0.00013017654418945312]
[99, 0.00013518333435058594]
[100, 0.00014591217041015625]
[101, 0.0001430511474609375]
[102, 0.00014066696166992188]
[103, 0.0001404285430908203]
[104, 0.00015473365783691406]
[105, 0.0001342296600341797]
[106, 0.0001513957977294922]
[107, 0.00015687942504882812]
[108, 0.00017571449279785156]
[109, 0.00015926361083984375]
[110, 0.00015616416931152344]
[111, 0.0001621246337890625]
[112, 0.00017786026000976562]
[113, 0.0003101825714111328]
[114, 0.00017762184143066406]
[115, 0.00016379356384277344]
[116, 0.00017642974853515625]
[117, 0.0001595020294189453]
[118, 0.0001952648162841797]
[119, 0.00020647048950195312]
[120, 0.00018644332885742188]
[121, 0.00020051002502441406]
[122, 0.00020313262939453125]
[123, 0.00019240379333496094]
[124, 0.00022912025451660156]
[125, 0.0002052783966064453]
[126, 0.00019621849060058594]
[127, 0.0002067089080810547]
[128, 0.00021958351135253906]
[129, 0.0002315044403076172]
[130, 0.0001304149627685547]
[131, 0.00014281272888183594]
[132, 0.00012755393981933594]
[133, 0.00012230873107910156]
[134, 0.00012969970703125]
[135, 0.00013113021850585938]
[136, 0.00013828277587890625]
[137, 0.0001354217529296875]
[138, 0.00014448165893554688]
[139, 0.00013208389282226562]
[140, 0.0001373291015625]
[141, 0.00013184547424316406]
[142, 0.0001385211944580078]
[143, 0.00015854835510253906]
[144, 0.00013184547424316406]
[145, 0.0001442432403564453]
[146, 0.00014448165893554688]
[147, 0.00018143653869628906]
[148, 0.00014066696166992188]
[149, 0.00014734268188476562]
[150, 0.00015020370483398438]
[151, 0.0002434253692626953]
[152, 0.00015807151794433594]
[153, 0.0001461505889892578]
[154, 0.00016164779663085938]
[155, 0.00016355514526367188]
[156, 0.0001480579376220703]
[157, 0.00015115737915039062]
[158, 0.00015735626220703125]
[159, 0.00015997886657714844]
[160, 0.00016570091247558594]
[161, 0.00016641616821289062]
[162, 0.00016808509826660156]
[163, 0.00017499923706054688]
[164, 0.0001773834228515625]
[165, 0.00016808509826660156]
[166, 0.0001518726348876953]
[167, 0.00017833709716796875]
[168, 0.00016617774963378906]
[169, 0.00017881393432617188]
[170, 0.00017833709716796875]
[171, 0.0001819133758544922]
[172, 0.0001819133758544922]
[173, 0.00018477439880371094]
[174, 0.00017905235290527344]
[175, 0.00016236305236816406]
[176, 0.0001850128173828125]
[177, 0.00017261505126953125]
[178, 0.0002162456512451172]
[179, 0.00018072128295898438]
[180, 0.00019621849060058594]
[181, 0.00018453598022460938]
[182, 0.0001800060272216797]
[183, 0.00019049644470214844]
[184, 0.0003504753112792969]
[185, 0.00021767616271972656]
[186, 0.00019812583923339844]
[187, 0.00019049644470214844]
[188, 0.0001895427703857422]
[189, 0.0002155303955078125]
[190, 0.0002155303955078125]
[191, 0.00021791458129882812]
[192, 0.0002551078796386719]
[193, 0.0001964569091796875]
[194, 0.00023055076599121094]
[195, 0.00023508071899414062]
[196, 0.0001971721649169922]
[197, 0.00021982192993164062]
[198, 0.00024056434631347656]
[199, 0.0002257823944091797]
[200, 0.00042319297790527344]
[201, 0.00022983551025390625]
[202, 0.00023221969604492188]
[203, 0.0002353191375732422]
[204, 0.00023031234741210938]
[205, 0.00023746490478515625]
[206, 0.00024819374084472656]
[207, 0.00021910667419433594]
[208, 0.0002422332763671875]
[209, 0.0002493858337402344]
[210, 0.0003788471221923828]
[211, 0.00021529197692871094]
[212, 0.00022792816162109375]
[213, 0.0002410411834716797]
[214, 0.0002644062042236328]
[215, 0.0002300739288330078]
[216, 0.000255584716796875]
[217, 0.00024080276489257812]
[218, 0.0002541542053222656]
[219, 0.0002467632293701172]
[220, 0.00024390220642089844]
[221, 0.00023055076599121094]
[222, 0.0002493858337402344]
[223, 0.0002446174621582031]
[224, 0.00026297569274902344]
[225, 0.00027370452880859375]
[226, 0.0002696514129638672]
[227, 0.0002675056457519531]
[228, 0.0002799034118652344]
[229, 0.0002422332763671875]
[230, 0.0002849102020263672]
[231, 0.0002734661102294922]
[232, 0.00027370452880859375]
[233, 0.00027179718017578125]
[234, 0.0002803802490234375]
[235, 0.00028061866760253906]
[236, 0.0002694129943847656]
[237, 0.0002899169921875]
[238, 0.0002684593200683594]
[239, 0.00028014183044433594]
[240, 0.0003154277801513672]
[241, 0.00029921531677246094]
[242, 0.0003008842468261719]
[243, 0.0003070831298828125]
[244, 0.0003020763397216797]
[245, 0.00029206275939941406]
[246, 0.00026988983154296875]
[247, 0.00028514862060546875]
[248, 0.00028324127197265625]
[249, 0.00027823448181152344]
[250, 0.0003452301025390625]
[251, 0.00033092498779296875]
[252, 0.00026416778564453125]
[253, 0.00033402442932128906]
[254, 0.0003693103790283203]
[255, 0.00029277801513671875]
[256, 0.00032258033752441406]
[257, 0.0003161430358886719]
[258, 0.0003383159637451172]
[259, 0.00029468536376953125]
[260, 0.00027751922607421875]
[261, 0.00026106834411621094]
[262, 0.0002551078796386719]
[263, 0.0002524852752685547]
[264, 0.00024771690368652344]
[265, 0.00027370452880859375]
[266, 0.00025272369384765625]
[267, 0.0002779960632324219]
[268, 0.0002734661102294922]
[269, 0.0002522468566894531]
[270, 0.0002560615539550781]
[271, 0.0002830028533935547]
[272, 0.0002734661102294922]
[273, 0.0002586841583251953]
[274, 0.0004544258117675781]
[275, 0.00028252601623535156]
[276, 0.00027251243591308594]
[277, 0.0002684593200683594]
[278, 0.00027489662170410156]
[279, 0.00025463104248046875]
[280, 0.0003192424774169922]
[281, 0.00027823448181152344]
[282, 0.0002894401550292969]
[283, 0.0002815723419189453]
[284, 0.0002951622009277344]
[285, 0.00027489662170410156]
[286, 0.00028777122497558594]
[287, 0.00027060508728027344]
[288, 0.0002830028533935547]
[289, 0.00027632713317871094]
[290, 0.0002884864807128906]
[291, 0.00029397010803222656]
[292, 0.0002906322479248047]
[293, 0.0004706382751464844]
[294, 0.00030875205993652344]
[295, 0.00029587745666503906]
[296, 0.00033855438232421875]
[297, 0.0002760887145996094]
[298, 0.0003113746643066406]
[299, 0.0003266334533691406]
[300, 0.0003132820129394531]
[301, 0.0003108978271484375]
[302, 0.0003180503845214844]
[303, 0.0003151893615722656]
[304, 0.0003001689910888672]
[305, 0.00030303001403808594]
[306, 0.00030517578125]
[307, 0.0003037452697753906]
[308, 0.0003604888916015625]
[309, 0.0003228187561035156]
[310, 0.00032210350036621094]
[311, 0.0003154277801513672]
[312, 0.0002999305725097656]
[313, 0.0003273487091064453]
[314, 0.0003223419189453125]
[315, 0.0003235340118408203]
[316, 0.0003185272216796875]
[317, 0.00032329559326171875]
[318, 0.0003437995910644531]
[319, 0.00032401084899902344]
[320, 0.0003368854522705078]
[321, 0.00032830238342285156]
[322, 0.00031948089599609375]
[323, 0.00031447410583496094]
[324, 0.00033211708068847656]
[325, 0.0005939006805419922]
[326, 0.0003314018249511719]
[327, 0.0005543231964111328]
[328, 0.00032711029052734375]
[329, 0.0003497600555419922]
[330, 0.0003476142883300781]
[331, 0.0003495216369628906]
[332, 0.00033092498779296875]
[333, 0.00034308433532714844]
[334, 0.00033211708068847656]
[335, 0.00032591819763183594]
[336, 0.00034117698669433594]
[337, 0.0003669261932373047]
[338, 0.00035262107849121094]
[339, 0.00036144256591796875]
[340, 0.000347137451171875]
[341, 0.00034689903259277344]
[342, 0.00036072731018066406]
[343, 0.0003750324249267578]
[344, 0.00034928321838378906]
[345, 0.00037407875061035156]
[346, 0.0003936290740966797]
[347, 0.0004258155822753906]
[348, 0.00035119056701660156]
[349, 0.00035381317138671875]
[350, 0.00034046173095703125]
[351, 0.00038933753967285156]
[352, 0.0003540515899658203]
[353, 0.00037550926208496094]
[354, 0.0003540515899658203]
[355, 0.0003657341003417969]
[356, 0.0003635883331298828]
[357, 0.0004069805145263672]
[358, 0.0005221366882324219]
[359, 0.0003757476806640625]
[360, 0.0003688335418701172]
[361, 0.0003676414489746094]
[362, 0.00035572052001953125]
[363, 0.0003757476806640625]
[364, 0.0004076957702636719]
[365, 0.00038361549377441406]
[366, 0.0003821849822998047]
[367, 0.00037980079650878906]
[368, 0.00038170814514160156]
[369, 0.0004038810729980469]
[370, 0.00036215782165527344]
[371, 0.0004162788391113281]
[372, 0.0003790855407714844]
[373, 0.0007119178771972656]
[374, 0.0004029273986816406]
[375, 0.00040411949157714844]
[376, 0.0003819465637207031]
[377, 0.0003857612609863281]
[378, 0.0004208087921142578]
[379, 0.00039958953857421875]
[380, 0.00043654441833496094]
[381, 0.0003757476806640625]
[382, 0.0004730224609375]
[383, 0.00041794776916503906]
[384, 0.0004410743713378906]
[385, 0.00042939186096191406]
[386, 0.00041604042053222656]
[387, 0.0004153251647949219]
[388, 0.00042128562927246094]
[389, 0.000400543212890625]
[390, 0.00039649009704589844]
[391, 0.00042557716369628906]
[392, 0.0005168914794921875]
[393, 0.00043654441833496094]
[394, 0.0004475116729736328]
[395, 0.000415802001953125]
[396, 0.00044345855712890625]
[397, 0.0004930496215820312]
[398, 0.0004475116729736328]
[399, 0.0004088878631591797]
[400, 0.00042319297790527344]
[401, 0.0004329681396484375]
[402, 0.0004172325134277344]
[403, 0.0004673004150390625]
[404, 0.0004172325134277344]
[405, 0.0004112720489501953]
[406, 0.0004432201385498047]
[407, 0.00046062469482421875]
[408, 0.000453948974609375]
[409, 0.00045800209045410156]
[410, 0.0006744861602783203]
[411, 0.0004665851593017578]
[412, 0.0004839897155761719]
[413, 0.00043511390686035156]
[414, 0.0004355907440185547]
[415, 0.0004298686981201172]
[416, 0.0004391670227050781]
[417, 0.0004799365997314453]
[418, 0.0004756450653076172]
[419, 0.00046372413635253906]
[420, 0.0005528926849365234]
[421, 0.0005099773406982422]
[422, 0.0004696846008300781]
[423, 0.00041413307189941406]
[424, 0.00048232078552246094]
[425, 0.0004892349243164062]
[426, 0.00045990943908691406]
[427, 0.0005235671997070312]
[428, 0.00045180320739746094]
[429, 0.00047135353088378906]
[430, 0.0004558563232421875]
[431, 0.0006759166717529297]
[432, 0.0004703998565673828]
[433, 0.000499725341796875]
[434, 0.0004858970642089844]
[435, 0.0004858970642089844]
[436, 0.0004467964172363281]
[437, 0.00046896934509277344]
[438, 0.0005161762237548828]
[439, 0.0004897117614746094]
[440, 0.0004677772521972656]
[441, 0.000499725341796875]
[442, 0.0005269050598144531]
[443, 0.0005116462707519531]
[444, 0.0006685256958007812]
[445, 0.0006456375122070312]
[446, 0.0004916191101074219]
[447, 0.0004870891571044922]
[448, 0.0005083084106445312]
[449, 0.0004947185516357422]
[450, 0.0005075931549072266]
[451, 0.0005714893341064453]
[452, 0.0005409717559814453]
[453, 0.0005583763122558594]
[454, 0.0005114078521728516]
[455, 0.0005095005035400391]
[456, 0.0005130767822265625]
[457, 0.0005486011505126953]
[458, 0.0005202293395996094]
[459, 0.0005130767822265625]
[460, 0.000545501708984375]
[461, 0.0005497932434082031]
[462, 0.0004913806915283203]
[463, 0.0005240440368652344]
[464, 0.0005962848663330078]
[465, 0.0005109310150146484]
[466, 0.0005285739898681641]
[467, 0.0005059242248535156]
[468, 0.0005664825439453125]
[469, 0.0005710124969482422]
[470, 0.0005345344543457031]
[471, 0.0005478858947753906]
[472, 0.0005109310150146484]
[473, 0.0004990100860595703]
[474, 0.0005426406860351562]
[475, 0.0005660057067871094]
[476, 0.0007345676422119141]
[477, 0.00052642822265625]
[478, 0.0005099773406982422]
[479, 0.0005953311920166016]
[480, 0.0005426406860351562]
[481, 0.0005447864532470703]
[482, 0.0005373954772949219]
[483, 0.0005819797515869141]
[484, 0.0005781650543212891]
[485, 0.0005588531494140625]
[486, 0.0005300045013427734]
[487, 0.0005245208740234375]
[488, 0.0005702972412109375]
[489, 0.0005633831024169922]
[490, 0.0005540847778320312]
[491, 0.0005311965942382812]
[492, 0.0005903244018554688]
[493, 0.0005846023559570312]
[494, 0.0005660057067871094]
[495, 0.0005707740783691406]
[496, 0.0005421638488769531]
[497, 0.000598907470703125]
[498, 0.0005345344543457031]
[499, 0.0005848407745361328]
[500, 0.0005738735198974609]
[501, 0.0005528926849365234]
[502, 0.0005533695220947266]
[503, 0.0005843639373779297]
[504, 0.00066375732421875]
[505, 0.0005929470062255859]
[506, 0.0005657672882080078]
[507, 0.0006649494171142578]
[508, 0.0005955696105957031]
[509, 0.0008840560913085938]
[510, 0.0005967617034912109]
[511, 0.0005867481231689453]
[512, 0.0005850791931152344]
[513, 0.0006172657012939453]
[514, 0.0006606578826904297]
[515, 0.0006451606750488281]
[516, 0.0006296634674072266]
[517, 0.0006120204925537109]
[518, 0.0006320476531982422]
[519, 0.0006377696990966797]
[520, 0.0005822181701660156]
[521, 0.0005941390991210938]
[522, 0.0005910396575927734]
[523, 0.000762939453125]
[524, 0.0006079673767089844]
[525, 0.0005800724029541016]
[526, 0.0005872249603271484]
[527, 0.0005884170532226562]
[528, 0.0005972385406494141]
[529, 0.0005855560302734375]
[530, 0.000598907470703125]
[531, 0.0005960464477539062]
[532, 0.0006175041198730469]
[533, 0.0006041526794433594]
[534, 0.0005910396575927734]
[535, 0.0006148815155029297]
[536, 0.0005822181701660156]
[537, 0.0006039142608642578]
[538, 0.0005993843078613281]
[539, 0.0006644725799560547]
[540, 0.0006017684936523438]
[541, 0.0008327960968017578]
[542, 0.0006039142608642578]
[543, 0.0006086826324462891]
[544, 0.0006041526794433594]
[545, 0.0006039142608642578]
[546, 0.0006222724914550781]
[547, 0.0006721019744873047]
[548, 0.0006406307220458984]
[549, 0.0006825923919677734]
[550, 0.0006277561187744141]
[551, 0.000637054443359375]
[552, 0.0006315708160400391]
[553, 0.0006310939788818359]
[554, 0.0006327629089355469]
[555, 0.0006334781646728516]
[556, 0.0006289482116699219]
[557, 0.0006344318389892578]
[558, 0.0006549358367919922]
[559, 0.0006403923034667969]
[560, 0.0006308555603027344]
[561, 0.0006458759307861328]
[562, 0.0006210803985595703]
[563, 0.0006613731384277344]
[564, 0.0006835460662841797]
[565, 0.0006339550018310547]
[566, 0.0006685256958007812]
[567, 0.0006849765777587891]
[568, 0.0006437301635742188]
[569, 0.000682830810546875]
[570, 0.0006358623504638672]
[571, 0.0007071495056152344]
[572, 0.0006442070007324219]
[573, 0.0006430149078369141]
[574, 0.0006442070007324219]
[575, 0.0006501674652099609]
[576, 0.0006363391876220703]
[577, 0.0008952617645263672]
[578, 0.0012028217315673828]
[579, 0.0006711483001708984]
[580, 0.0006542205810546875]
[581, 0.0006527900695800781]
[582, 0.0006532669067382812]
[583, 0.0006628036499023438]
[584, 0.0006604194641113281]
[585, 0.0007328987121582031]
[586, 0.0006515979766845703]
[587, 0.0006549358367919922]
[588, 0.0006580352783203125]
[589, 0.0006659030914306641]
[590, 0.0006611347198486328]
[591, 0.0006594657897949219]
[592, 0.000667572021484375]
[593, 0.0006964206695556641]
[594, 0.001313924789428711]
[595, 0.0007207393646240234]
[596, 0.0006740093231201172]
[597, 0.0006964206695556641]
[598, 0.0006802082061767578]
[599, 0.0006694793701171875]
[600, 0.0006837844848632812]
[601, 0.0006802082061767578]
[602, 0.0007522106170654297]
[603, 0.0007023811340332031]
[604, 0.0006723403930664062]
[605, 0.0007016658782958984]
[606, 0.0006921291351318359]
[607, 0.0006997585296630859]
[608, 0.0007243156433105469]
[609, 0.0007224082946777344]
[610, 0.0007441043853759766]
[611, 0.0006978511810302734]
[612, 0.0006954669952392578]
[613, 0.0007054805755615234]
[614, 0.0007083415985107422]
[615, 0.0007238388061523438]
[616, 0.0006909370422363281]
[617, 0.0007169246673583984]
[618, 0.0009601116180419922]
[619, 0.0007543563842773438]
[620, 0.0007050037384033203]
[621, 0.0007150173187255859]
[622, 0.0007164478302001953]
[623, 0.0007107257843017578]
[624, 0.0007090568542480469]
[625, 0.0007739067077636719]
[626, 0.0008687973022460938]
[627, 0.0007231235504150391]
[628, 0.0007061958312988281]
[629, 0.0007293224334716797]
[630, 0.0007114410400390625]
[631, 0.0007681846618652344]
[632, 0.0006957054138183594]
[633, 0.0007901191711425781]
[634, 0.0007612705230712891]
[635, 0.0007333755493164062]
[636, 0.00074005126953125]
[637, 0.0007472038269042969]
[638, 0.0007071495056152344]
[639, 0.0007340908050537109]
[640, 0.0007605552673339844]
[641, 0.0008561611175537109]
[642, 0.0010504722595214844]
[643, 0.0007159709930419922]
[644, 0.0007276535034179688]
[645, 0.0007388591766357422]
[646, 0.0007703304290771484]
[647, 0.0007998943328857422]
[648, 0.0007572174072265625]
[649, 0.0007448196411132812]
[650, 0.0007555484771728516]
[651, 0.0007495880126953125]
[652, 0.0007557868957519531]
[653, 0.0007507801055908203]
[654, 0.0007300376892089844]
[655, 0.0007517337799072266]
[656, 0.0008058547973632812]
[657, 0.0007598400115966797]
[658, 0.0007860660552978516]
[659, 0.0007617473602294922]
[660, 0.0007717609405517578]
[661, 0.0007534027099609375]
[662, 0.0007607936859130859]
[663, 0.0007610321044921875]
[664, 0.0007596015930175781]
[665, 0.0009617805480957031]
[666, 0.0007569789886474609]
[667, 0.0007641315460205078]
[668, 0.0007722377777099609]
[669, 0.0007684230804443359]
[670, 0.0007712841033935547]
[671, 0.0007855892181396484]
[672, 0.0007770061492919922]
[673, 0.0007913112640380859]
[674, 0.0007703304290771484]
[675, 0.0007596015930175781]
[676, 0.0007557868957519531]
[677, 0.0007753372192382812]
[678, 0.0007817745208740234]
[679, 0.0007755756378173828]
[680, 0.0009932518005371094]
[681, 0.0007774829864501953]
[682, 0.0007977485656738281]
[683, 0.0007760524749755859]
[684, 0.0007653236389160156]
[685, 0.0008268356323242188]
[686, 0.0007898807525634766]
[687, 0.0008275508880615234]
[688, 0.00081634521484375]
[689, 0.0008347034454345703]
[690, 0.0008313655853271484]
[691, 0.0007941722869873047]
[692, 0.0008020401000976562]
[693, 0.0007715225219726562]
[694, 0.0008075237274169922]
[695, 0.0008096694946289062]
[696, 0.0008299350738525391]
[697, 0.0008666515350341797]
[698, 0.0008206367492675781]
[699, 0.0008859634399414062]
[700, 0.0007863044738769531]
[701, 0.0009105205535888672]
[702, 0.0008120536804199219]
[703, 0.0008490085601806641]
[704, 0.0008594989776611328]
[705, 0.000812530517578125]
[706, 0.0008111000061035156]
[707, 0.0008411407470703125]
[708, 0.0008466243743896484]
[709, 0.0008032321929931641]
[710, 0.0008175373077392578]
[711, 0.0008187294006347656]
[712, 0.0008304119110107422]
[713, 0.0008378028869628906]
[714, 0.0008268356323242188]
[715, 0.0008413791656494141]
[716, 0.0008530616760253906]
[717, 0.0008373260498046875]
[718, 0.0008015632629394531]
[719, 0.0008625984191894531]
[720, 0.0008475780487060547]
[721, 0.0008442401885986328]
[722, 0.00081634521484375]
[723, 0.0008475780487060547]
[724, 0.0008249282836914062]
[725, 0.0008025169372558594]
[726, 0.0008573532104492188]
[727, 0.0008482933044433594]
[728, 0.0008363723754882812]
[729, 0.0008289813995361328]
[730, 0.0008521080017089844]
[731, 0.0008523464202880859]
[732, 0.0008301734924316406]
[733, 0.0008449554443359375]
[734, 0.000835418701171875]
[735, 0.0008604526519775391]
[736, 0.0008687973022460938]
[737, 0.00089263916015625]
[738, 0.0008404254913330078]
[739, 0.0008950233459472656]
[740, 0.000843048095703125]
[741, 0.0008623600006103516]
[742, 0.0008745193481445312]
[743, 0.0009083747863769531]
[744, 0.0008628368377685547]
[745, 0.0009062290191650391]
[746, 0.0008969306945800781]
[747, 0.0009510517120361328]
[748, 0.0008566379547119141]
[749, 0.0009028911590576172]
[750, 0.001073598861694336]
[751, 0.0008809566497802734]
[752, 0.0008947849273681641]
[753, 0.0008912086486816406]
[754, 0.0009186267852783203]
[755, 0.0008437633514404297]
[756, 0.0008919239044189453]
[757, 0.0008594989776611328]
[758, 0.001024484634399414]
[759, 0.0008938312530517578]
[760, 0.0008594989776611328]
[761, 0.0009179115295410156]
[762, 0.0008687973022460938]
[763, 0.0008895397186279297]
[764, 0.0008864402770996094]
[765, 0.0008599758148193359]
[766, 0.0008745193481445312]
[767, 0.0009303092956542969]
[768, 0.0008804798126220703]
[769, 0.0009853839874267578]
[770, 0.000873565673828125]
[771, 0.0009114742279052734]
[772, 0.0008857250213623047]
[773, 0.0008974075317382812]
[774, 0.0009315013885498047]
[775, 0.0008726119995117188]
[776, 0.0008945465087890625]
[777, 0.0010190010070800781]
[778, 0.0009186267852783203]
[779, 0.000957489013671875]
[780, 0.0009334087371826172]
[781, 0.0009312629699707031]
[782, 0.001016378402709961]
[783, 0.0009381771087646484]
[784, 0.0009372234344482422]
[785, 0.0009102821350097656]
[786, 0.0009145736694335938]
[787, 0.0009648799896240234]
[788, 0.0011663436889648438]
[789, 0.0009191036224365234]
[790, 0.0009224414825439453]
[791, 0.0009105205535888672]
[792, 0.0009336471557617188]
[793, 0.0009396076202392578]
[794, 0.0009016990661621094]
[795, 0.0009737014770507812]
[796, 0.0012886524200439453]
[797, 0.0009539127349853516]
[798, 0.0009174346923828125]
[799, 0.0009429454803466797]
[800, 0.0009367465972900391]
[801, 0.0009469985961914062]
[802, 0.0009799003601074219]
[803, 0.0009288787841796875]
[804, 0.0009307861328125]
[805, 0.0009703636169433594]
[806, 0.0009217262268066406]
[807, 0.0009198188781738281]
[808, 0.0009660720825195312]
[809, 0.0009515285491943359]
[810, 0.0009474754333496094]
[811, 0.0009412765502929688]
[812, 0.0009486675262451172]
[813, 0.0009610652923583984]
[814, 0.0009372234344482422]
[815, 0.0009889602661132812]
[816, 0.001489877700805664]
[817, 0.0009515285491943359]
[818, 0.0009534358978271484]
[819, 0.0009551048278808594]
[820, 0.0009608268737792969]
[821, 0.0009768009185791016]
[822, 0.0010523796081542969]
[823, 0.0009410381317138672]
[824, 0.0009698867797851562]
[825, 0.001008749008178711]
[826, 0.0009682178497314453]
[827, 0.0009496212005615234]
[828, 0.0009694099426269531]
[829, 0.0009965896606445312]
[830, 0.0009572505950927734]
[831, 0.0009818077087402344]
[832, 0.0009522438049316406]
[833, 0.0009660720825195312]
[834, 0.0010118484497070312]
[835, 0.0010089874267578125]
[836, 0.001010894775390625]
[837, 0.0009815692901611328]
[838, 0.0009653568267822266]
[839, 0.0009648799896240234]
[840, 0.0009918212890625]
[841, 0.0009701251983642578]
[842, 0.000978231430053711]
[843, 0.0009951591491699219]
[844, 0.0010061264038085938]
[845, 0.0009660720825195312]
[846, 0.0009801387786865234]
[847, 0.001055002212524414]
[848, 0.0009703636169433594]
[849, 0.0012290477752685547]
[850, 0.0010383129119873047]
[851, 0.0010979175567626953]
[852, 0.0010976791381835938]
[853, 0.0009891986846923828]
[854, 0.0010144710540771484]
[855, 0.0009989738464355469]
[856, 0.0011324882507324219]
[857, 0.0009937286376953125]
[858, 0.0010192394256591797]
[859, 0.0010559558868408203]
[860, 0.0010180473327636719]
[861, 0.0010066032409667969]
[862, 0.0010132789611816406]
[863, 0.000978231430053711]
[864, 0.0009932518005371094]
[865, 0.0010161399841308594]
[866, 0.0010094642639160156]
[867, 0.0010416507720947266]
[868, 0.0010097026824951172]
[869, 0.0010704994201660156]
[870, 0.0011162757873535156]
[871, 0.0010156631469726562]
[872, 0.0010433197021484375]
[873, 0.001035928726196289]
[874, 0.0009953975677490234]
[875, 0.0010466575622558594]
[876, 0.0010459423065185547]
[877, 0.0010199546813964844]
[878, 0.001096963882446289]
[879, 0.001007080078125]
[880, 0.001026153564453125]
[881, 0.0010120868682861328]
[882, 0.0010564327239990234]
[883, 0.0014696121215820312]
[884, 0.0010824203491210938]
[885, 0.0011348724365234375]
[886, 0.0010421276092529297]
[887, 0.0009961128234863281]
[888, 0.0010726451873779297]
[889, 0.0010755062103271484]
[890, 0.0010209083557128906]
[891, 0.0010344982147216797]
[892, 0.0010509490966796875]
[893, 0.0010983943939208984]
[894, 0.0010476112365722656]
[895, 0.0010552406311035156]
[896, 0.0010650157928466797]
[897, 0.001077890396118164]
[898, 0.0010936260223388672]
[899, 0.0010783672332763672]
[900, 0.0011730194091796875]
[901, 0.0010867118835449219]
[902, 0.0010728836059570312]
[903, 0.0010890960693359375]
[904, 0.0011012554168701172]
[905, 0.0010483264923095703]
[906, 0.001051187515258789]
[907, 0.0010747909545898438]
[908, 0.0010898113250732422]
[909, 0.001043558120727539]
[910, 0.0010776519775390625]
[911, 0.0010764598846435547]
[912, 0.0010747909545898438]
[913, 0.0010921955108642578]
[914, 0.0010616779327392578]
[915, 0.0011219978332519531]
[916, 0.0010461807250976562]
[917, 0.0011510848999023438]
[918, 0.001066446304321289]
[919, 0.0010967254638671875]
[920, 0.001089334487915039]
[921, 0.0010769367218017578]
[922, 0.0010974407196044922]
[923, 0.0010676383972167969]
[924, 0.001089334487915039]
[925, 0.001077413558959961]
[926, 0.0011169910430908203]
[927, 0.0011048316955566406]
[928, 0.0011684894561767578]
[929, 0.0011069774627685547]
[930, 0.00109100341796875]
[931, 0.0010876655578613281]
[932, 0.0011081695556640625]
[933, 0.0011286735534667969]
[934, 0.0011341571807861328]
[935, 0.001154184341430664]
[936, 0.0011324882507324219]
[937, 0.0011322498321533203]
[938, 0.0011272430419921875]
[939, 0.0012116432189941406]
[940, 0.0012989044189453125]
[941, 0.001148223876953125]
[942, 0.0011985301971435547]
[943, 0.0011861324310302734]
[944, 0.0011796951293945312]
[945, 0.0011587142944335938]
[946, 0.0011143684387207031]
[947, 0.0011088848114013672]
[948, 0.0011386871337890625]
[949, 0.0011184215545654297]
[950, 0.0011277198791503906]
[951, 0.0016369819641113281]
[952, 0.0011358261108398438]
[953, 0.00113677978515625]
[954, 0.001140594482421875]
[955, 0.0012083053588867188]
[956, 0.001218557357788086]
[957, 0.0011429786682128906]
[958, 0.0010938644409179688]
[959, 0.0011281967163085938]
[960, 0.0011179447174072266]
[961, 0.0011353492736816406]
[962, 0.0011813640594482422]
[963, 0.001154184341430664]
[964, 0.0011551380157470703]
[965, 0.0011744499206542969]
[966, 0.001191854476928711]
[967, 0.0012044906616210938]
[968, 0.0011284351348876953]
[969, 0.0011763572692871094]
[970, 0.0012726783752441406]
[971, 0.0011844635009765625]
[972, 0.0011856555938720703]
[973, 0.0011777877807617188]
[974, 0.0011789798736572266]
[975, 0.0011823177337646484]
[976, 0.0011527538299560547]
[977, 0.0011632442474365234]
[978, 0.0011897087097167969]
[979, 0.0011441707611083984]
[980, 0.0012078285217285156]
[981, 0.001132965087890625]
[982, 0.0011780261993408203]
[983, 0.0012121200561523438]
[984, 0.0011870861053466797]
[985, 0.0011491775512695312]
[986, 0.001199483871459961]
[987, 0.0011725425720214844]
[988, 0.0011620521545410156]
[989, 0.0012066364288330078]
[990, 0.0011448860168457031]
[991, 0.0011966228485107422]
[992, 0.0011792182922363281]
[993, 0.0012311935424804688]
[994, 0.0012390613555908203]
[995, 0.0012085437774658203]
[996, 0.0011830329895019531]
[997, 0.001211404800415039]
[998, 0.0012421607971191406]
[999, 0.0011818408966064453]
[1000, 0.0012454986572265625]
[1001, 0.0011837482452392578]
[1002, 0.0011906623840332031]
[1003, 0.001195669174194336]
[1004, 0.001215219497680664]
[1005, 0.0012772083282470703]
[1006, 0.0012636184692382812]
[1007, 0.0012056827545166016]
[1008, 0.0011625289916992188]
[1009, 0.0012145042419433594]
[1010, 0.0012347698211669922]
[1011, 0.0011813640594482422]
[1012, 0.0012731552124023438]
[1013, 0.0012390613555908203]
[1014, 0.0011858940124511719]
[1015, 0.0013976097106933594]
[1016, 0.0012104511260986328]
[1017, 0.0014872550964355469]
[1018, 0.0012369155883789062]
[1019, 0.0012443065643310547]
[1020, 0.0013599395751953125]
[1021, 0.001199483871459961]
[1022, 0.0012204647064208984]
[1023, 0.001226663589477539]
[1024, 0.0012488365173339844]
[1025, 0.0012614727020263672]
[1026, 0.0012073516845703125]
[1027, 0.0012638568878173828]
[1028, 0.001257181167602539]
[1029, 0.0012764930725097656]
[1030, 0.0013477802276611328]
[1031, 0.0013585090637207031]
[1032, 0.0013575553894042969]
[1033, 0.0014522075653076172]
[1034, 0.001371622085571289]
[1035, 0.0014355182647705078]
[1036, 0.0014183521270751953]
[1037, 0.0013744831085205078]
[1038, 0.001470327377319336]
[1039, 0.0015268325805664062]
[1040, 0.0013890266418457031]
[1041, 0.0013806819915771484]
[1042, 0.0013763904571533203]
[1043, 0.0013680458068847656]
[1044, 0.0015015602111816406]
[1045, 0.001384735107421875]
[1046, 0.0015265941619873047]
[1047, 0.0014863014221191406]
[1048, 0.0013957023620605469]
[1049, 0.0014264583587646484]
[1050, 0.0013966560363769531]
[1051, 0.0014047622680664062]
[1052, 0.0013916492462158203]
[1053, 0.0014011859893798828]
[1054, 0.0014007091522216797]
[1055, 0.0013897418975830078]
[1056, 0.001390218734741211]
[1057, 0.0014033317565917969]
[1058, 0.0015215873718261719]
[1059, 0.00141143798828125]
[1060, 0.001413583755493164]
[1061, 0.0014176368713378906]
[1062, 0.0014147758483886719]
[1063, 0.0013897418975830078]
[1064, 0.0014147758483886719]
[1065, 0.0015110969543457031]
[1066, 0.0014276504516601562]
[1067, 0.0014767646789550781]
[1068, 0.001482248306274414]
[1069, 0.0014154911041259766]
[1070, 0.0014224052429199219]
[1071, 0.001493215560913086]
[1072, 0.0014340877532958984]
[1073, 0.001508951187133789]
[1074, 0.0014252662658691406]
[1075, 0.0014612674713134766]
[1076, 0.0014145374298095703]
[1077, 0.0014193058013916016]
[1078, 0.0014104843139648438]
[1079, 0.0014314651489257812]
[1080, 0.0014183521270751953]
[1081, 0.0014295578002929688]
[1082, 0.0014357566833496094]
[1083, 0.0014972686767578125]
[1084, 0.0014564990997314453]
[1085, 0.0014698505401611328]
[1086, 0.0015270709991455078]
[1087, 0.0014462471008300781]
[1088, 0.0014460086822509766]
[1089, 0.0015087127685546875]
[1090, 0.0014636516571044922]
[1091, 0.0014586448669433594]
[1092, 0.0014503002166748047]
[1093, 0.0015974044799804688]
[1094, 0.0015070438385009766]
[1095, 0.0014653205871582031]
[1096, 0.0014472007751464844]
[1097, 0.0015158653259277344]
[1098, 0.001432657241821289]
[1099, 0.0015208721160888672]
[1100, 0.0014646053314208984]
[1101, 0.0014865398406982422]
[1102, 0.0014743804931640625]
[1103, 0.001470327377319336]
[1104, 0.0014557838439941406]
[1105, 0.0015645027160644531]
[1106, 0.0014786720275878906]
[1107, 0.001573324203491211]
[1108, 0.0014655590057373047]
[1109, 0.0014655590057373047]
[1110, 0.001461029052734375]
[1111, 0.001461029052734375]
[1112, 0.0014684200286865234]
[1113, 0.0014581680297851562]
[1114, 0.0015377998352050781]
[1115, 0.0014710426330566406]
[1116, 0.0014874935150146484]
[1117, 0.0015957355499267578]
[1118, 0.0014734268188476562]
[1119, 0.0015082359313964844]
[1120, 0.0014781951904296875]
[1121, 0.0015289783477783203]
[1122, 0.001485586166381836]
[1123, 0.0014805793762207031]
[1124, 0.0014925003051757812]
[1125, 0.001481771469116211]
[1126, 0.0014958381652832031]
[1127, 0.0014998912811279297]
[1128, 0.00157928466796875]
[1129, 0.0015652179718017578]
[1130, 0.001520395278930664]
[1131, 0.0015063285827636719]
[1132, 0.001506805419921875]
[1133, 0.0015225410461425781]
[1134, 0.0014996528625488281]
[1135, 0.0015301704406738281]
[1136, 0.0015108585357666016]
[1137, 0.0015184879302978516]
[1138, 0.0015153884887695312]
[1139, 0.0015141963958740234]
[1140, 0.0015637874603271484]
[1141, 0.0015377998352050781]
[1142, 0.0015244483947753906]
[1143, 0.0015044212341308594]
[1144, 0.001528024673461914]
[1145, 0.001508474349975586]
[1146, 0.0015139579772949219]
[1147, 0.0015311241149902344]
[1148, 0.0015380382537841797]
[1149, 0.001512289047241211]
[1150, 0.0020911693572998047]
[1151, 0.0015740394592285156]
[1152, 0.001524209976196289]
[1153, 0.0015888214111328125]
[1154, 0.0015418529510498047]
[1155, 0.0015799999237060547]
[1156, 0.0015134811401367188]
[1157, 0.0015785694122314453]
[1158, 0.0015964508056640625]
[1159, 0.0015325546264648438]
[1160, 0.0015251636505126953]
[1161, 0.0015327930450439453]
[1162, 0.0015537738800048828]
[1163, 0.0015482902526855469]
[1164, 0.001535177230834961]
[1165, 0.0015347003936767578]
[1166, 0.0015559196472167969]
[1167, 0.0015573501586914062]
[1168, 0.0015764236450195312]
[1169, 0.0015919208526611328]
[1170, 0.001531839370727539]
[1171, 0.0015528202056884766]
[1172, 0.001550436019897461]
[1173, 0.0015380382537841797]
[1174, 0.0015490055084228516]
[1175, 0.0015680789947509766]
[1176, 0.0015628337860107422]
[1177, 0.0015697479248046875]
[1178, 0.0015866756439208984]
[1179, 0.0015709400177001953]
[1180, 0.0015621185302734375]
[1181, 0.0016415119171142578]
[1182, 0.0015625953674316406]
[1183, 0.0017311573028564453]
[1184, 0.0015609264373779297]
[1185, 0.0015769004821777344]
[1186, 0.0015637874603271484]
[1187, 0.0015761852264404297]
[1188, 0.0015892982482910156]
[1189, 0.0015878677368164062]
[1190, 0.001737356185913086]
[1191, 0.0015840530395507812]
[1192, 0.001580953598022461]
[1193, 0.0016219615936279297]
[1194, 0.0015957355499267578]
[1195, 0.001711130142211914]
[1196, 0.0015921592712402344]
[1197, 0.0015916824340820312]
[1198, 0.0015788078308105469]
[1199, 0.0015902519226074219]
[1200, 0.0016405582427978516]
[1201, 0.0016222000122070312]
[1202, 0.0016143321990966797]
[1203, 0.0016608238220214844]
[1204, 0.0015897750854492188]
[1205, 0.0016238689422607422]
[1206, 0.0015807151794433594]
[1207, 0.0017595291137695312]
[1208, 0.0016131401062011719]
[1209, 0.001631021499633789]
[1210, 0.001611948013305664]
[1211, 0.0016694068908691406]
[1212, 0.0015971660614013672]
[1213, 0.0015985965728759766]
[1214, 0.0016796588897705078]
[1215, 0.0016155242919921875]
[1216, 0.001645803451538086]
[1217, 0.0016121864318847656]
[1218, 0.0015943050384521484]
[1219, 0.0016927719116210938]
[1220, 0.0016360282897949219]
[1221, 0.0016624927520751953]
[1222, 0.0017681121826171875]
[1223, 0.0018084049224853516]
[1224, 0.0016298294067382812]
[1225, 0.0016331672668457031]
[1226, 0.0016210079193115234]
[1227, 0.0016188621520996094]
[1228, 0.0016379356384277344]
[1229, 0.0016558170318603516]
[1230, 0.00162506103515625]
[1231, 0.0016684532165527344]
[1232, 0.001628875732421875]
[1233, 0.0016369819641113281]
[1234, 0.0016624927520751953]
[1235, 0.0016510486602783203]
[1236, 0.0017082691192626953]
[1237, 0.001638174057006836]
[1238, 0.0016512870788574219]
[1239, 0.0016207695007324219]
[1240, 0.001687765121459961]
[1241, 0.0017726421356201172]
[1242, 0.0016460418701171875]
[1243, 0.0017447471618652344]
[1244, 0.0016465187072753906]
[1245, 0.0016243457794189453]
[1246, 0.0018582344055175781]
[1247, 0.0016741752624511719]
[1248, 0.0016837120056152344]
[1249, 0.0018134117126464844]
[1250, 0.0016584396362304688]
[1251, 0.0017809867858886719]
[1252, 0.0016608238220214844]
[1253, 0.0016720294952392578]
[1254, 0.0016727447509765625]
[1255, 0.0016613006591796875]
[1256, 0.0016803741455078125]
[1257, 0.0017015933990478516]
[1258, 0.001680612564086914]
[1259, 0.001695871353149414]
[1260, 0.0016584396362304688]
[1261, 0.0016646385192871094]
[1262, 0.0017740726470947266]
[1263, 0.0016787052154541016]
[1264, 0.0016589164733886719]
[1265, 0.0018019676208496094]
[1266, 0.0016911029815673828]
[1267, 0.0017459392547607422]
[1268, 0.001661062240600586]
[1269, 0.0016815662384033203]
[1270, 0.0016760826110839844]
[1271, 0.0017468929290771484]
[1272, 0.001682281494140625]
[1273, 0.0017223358154296875]
[1274, 0.001714944839477539]
[1275, 0.0017063617706298828]
[1276, 0.0016880035400390625]
[1277, 0.0016906261444091797]
[1278, 0.0017101764678955078]
[1279, 0.0016875267028808594]
[1280, 0.0016984939575195312]
[1281, 0.0016875267028808594]
[1282, 0.001680612564086914]
[1283, 0.0017194747924804688]
[1284, 0.0017940998077392578]
[1285, 0.0017056465148925781]
[1286, 0.0016832351684570312]
[1287, 0.001726388931274414]
[1288, 0.0016889572143554688]
[1289, 0.001680612564086914]
[1290, 0.0017418861389160156]
[1291, 0.0017125606536865234]
[1292, 0.0017216205596923828]
[1293, 0.0017101764678955078]
[1294, 0.0017156600952148438]
[1295, 0.001722097396850586]
[1296, 0.0017206668853759766]
[1297, 0.001706838607788086]
[1298, 0.001734018325805664]
[1299, 0.0017342567443847656]
[1300, 0.0017292499542236328]
[1301, 0.001733541488647461]
[1302, 0.001733541488647461]
[1303, 0.0019130706787109375]
[1304, 0.001733541488647461]
[1305, 0.001725912094116211]
[1306, 0.001722574234008789]
[1307, 0.0017266273498535156]
[1308, 0.0017173290252685547]
[1309, 0.0017604827880859375]
[1310, 0.0017375946044921875]
[1311, 0.0017745494842529297]
[1312, 0.001744985580444336]
[1313, 0.0017457008361816406]
[1314, 0.001729726791381836]
[1315, 0.0017442703247070312]
[1316, 0.0018684864044189453]
[1317, 0.001750946044921875]
[1318, 0.0018072128295898438]
[1319, 0.0017685890197753906]
[1320, 0.0017495155334472656]
[1321, 0.0017650127410888672]
[1322, 0.001744985580444336]
[1323, 0.001859903335571289]
[1324, 0.0017554759979248047]
[1325, 0.0017359256744384766]
[1326, 0.0017540454864501953]
[1327, 0.0017392635345458984]
[1328, 0.0017478466033935547]
[1329, 0.0018591880798339844]
[1330, 0.0017840862274169922]
[1331, 0.0017631053924560547]
[1332, 0.0017840862274169922]
[1333, 0.0017783641815185547]
[1334, 0.0018911361694335938]
[1335, 0.001758575439453125]
[1336, 0.001973390579223633]
[1337, 0.0017631053924560547]
[1338, 0.001767873764038086]
[1339, 0.001783609390258789]
[1340, 0.00176239013671875]
[1341, 0.0017783641815185547]
[1342, 0.0017828941345214844]
[1343, 0.0017919540405273438]
[1344, 0.0017702579498291016]
[1345, 0.0017957687377929688]
[1346, 0.0019037723541259766]
[1347, 0.0018322467803955078]
[1348, 0.0017743110656738281]
[1349, 0.0018048286437988281]
[1350, 0.0018780231475830078]
[1351, 0.0017731189727783203]
[1352, 0.001905202865600586]
[1353, 0.0018849372863769531]
[1354, 0.001867055892944336]
[1355, 0.001954793930053711]
[1356, 0.0017671585083007812]
[1357, 0.001814126968383789]
[1358, 0.001888275146484375]
[1359, 0.0019352436065673828]
[1360, 0.0017857551574707031]
[1361, 0.00182342529296875]
[1362, 0.0018079280853271484]
[1363, 0.0018203258514404297]
[1364, 0.0018310546875]
[1365, 0.0018241405487060547]
[1366, 0.0019087791442871094]
[1367, 0.0018155574798583984]
[1368, 0.0018074512481689453]
[1369, 0.0019762516021728516]
[1370, 0.0018458366394042969]
[1371, 0.0019230842590332031]
[1372, 0.0019125938415527344]
[1373, 0.0018150806427001953]
[1374, 0.001825094223022461]
[1375, 0.0018324851989746094]
[1376, 0.0018911361694335938]
[1377, 0.001981019973754883]
[1378, 0.0019795894622802734]
[1379, 0.0018320083618164062]
[1380, 0.0019626617431640625]
[1381, 0.0019350051879882812]
[1382, 0.0018126964569091797]
[1383, 0.0019145011901855469]
[1384, 0.0018270015716552734]
[1385, 0.0018346309661865234]
[1386, 0.001848459243774414]
[1387, 0.0018458366394042969]
[1388, 0.0018324851989746094]
[1389, 0.0018379688262939453]
[1390, 0.0018701553344726562]
[1391, 0.001977682113647461]
[1392, 0.0018210411071777344]
[1393, 0.0018534660339355469]
[1394, 0.0018312931060791016]
[1395, 0.0018565654754638672]
[1396, 0.002050161361694336]
[1397, 0.0018551349639892578]
[1398, 0.0019457340240478516]
[1399, 0.001865386962890625]
[1400, 0.0018694400787353516]
[1401, 0.0018465518951416016]
[1402, 0.0018553733825683594]
[1403, 0.0019240379333496094]
[1404, 0.0019137859344482422]
[1405, 0.0018346309661865234]
[1406, 0.0018544197082519531]
[1407, 0.0018465518951416016]
[1408, 0.002026081085205078]
[1409, 0.0019893646240234375]
[1410, 0.0018947124481201172]
[1411, 0.0019648075103759766]
[1412, 0.001865386962890625]
[1413, 0.001979351043701172]
[1414, 0.0018918514251708984]
[1415, 0.0018672943115234375]
[1416, 0.002033233642578125]
[1417, 0.0018849372863769531]
[1418, 0.0018949508666992188]
[1419, 0.0018775463104248047]
[1420, 0.0019040107727050781]
[1421, 0.0018668174743652344]
[1422, 0.0019207000732421875]
[1423, 0.0019068717956542969]
[1424, 0.00189208984375]
[1425, 0.001890420913696289]
[1426, 0.0019199848175048828]
[1427, 0.0019698143005371094]
[1428, 0.001934051513671875]
[1429, 0.0019383430480957031]
[1430, 0.001912832260131836]
[1431, 0.001913309097290039]
[1432, 0.0018973350524902344]
[1433, 0.0018794536590576172]
[1434, 0.0019047260284423828]
[1435, 0.001911163330078125]
[1436, 0.00189208984375]
[1437, 0.0018925666809082031]
[1438, 0.0019059181213378906]
[1439, 0.0019378662109375]
[1440, 0.0019314289093017578]
[1441, 0.00188446044921875]
[1442, 0.0019087791442871094]
[1443, 0.0019958019256591797]
[1444, 0.0019121170043945312]
[1445, 0.0020356178283691406]
[1446, 0.0018947124481201172]
[1447, 0.0019047260284423828]
[1448, 0.0019252300262451172]
[1449, 0.0019252300262451172]
[1450, 0.0019123554229736328]
[1451, 0.001991748809814453]
[1452, 0.0019369125366210938]
[1453, 0.0019347667694091797]
[1454, 0.0019481182098388672]
[1455, 0.0019214153289794922]
[1456, 0.0020148754119873047]
[1457, 0.0020151138305664062]
[1458, 0.0019378662109375]
[1459, 0.001924753189086914]
[1460, 0.0019617080688476562]
[1461, 0.002092599868774414]
[1462, 0.0019237995147705078]
[1463, 0.0019352436065673828]
[1464, 0.002138853073120117]
[1465, 0.001954793930053711]
[1466, 0.002079486846923828]
[1467, 0.0019958019256591797]
[1468, 0.001972675323486328]
[1469, 0.0019481182098388672]
[1470, 0.0020360946655273438]
[1471, 0.001985311508178711]
[1472, 0.0019347667694091797]
[1473, 0.0019545555114746094]
[1474, 0.001931905746459961]
[1475, 0.001973867416381836]
[1476, 0.0019414424896240234]
[1477, 0.001978635787963867]
[1478, 0.0019741058349609375]
[1479, 0.0019545555114746094]
[1480, 0.0019435882568359375]
[1481, 0.002101898193359375]
[1482, 0.0020051002502441406]
[1483, 0.001990795135498047]
[1484, 0.0019855499267578125]
[1485, 0.0020301342010498047]
[1486, 0.001954793930053711]
[1487, 0.001974344253540039]
[1488, 0.001982450485229492]
[1489, 0.0019898414611816406]
[1490, 0.001958608627319336]
[1491, 0.0019941329956054688]
[1492, 0.0019817352294921875]
[1493, 0.002004861831665039]
[1494, 0.0021209716796875]
[1495, 0.002087831497192383]
[1496, 0.0019736289978027344]
[1497, 0.0020308494567871094]
[1498, 0.0019991397857666016]
[1499, 0.002182483673095703]
[1500, 0.0019829273223876953]
[1501, 0.0020117759704589844]
[1502, 0.002137422561645508]
[1503, 0.0019998550415039062]
[1504, 0.001989126205444336]
[1505, 0.0020062923431396484]
[1506, 0.0020003318786621094]
[1507, 0.0019974708557128906]
[1508, 0.0019769668579101562]
[1509, 0.0020165443420410156]
[1510, 0.002014636993408203]
[1511, 0.002004384994506836]
[1512, 0.002022266387939453]
[1513, 0.0020186901092529297]
[1514, 0.002005338668823242]
[1515, 0.002007722854614258]
[1516, 0.002012014389038086]
[1517, 0.0020356178283691406]
[1518, 0.0021200180053710938]
[1519, 0.002003192901611328]
[1520, 0.0020635128021240234]
[1521, 0.002351522445678711]
[1522, 0.002019166946411133]
[1523, 0.002044677734375]
[1524, 0.0020170211791992188]
[1525, 0.0020437240600585938]
[1526, 0.002026081085205078]
[1527, 0.002048969268798828]
[1528, 0.0020270347595214844]
[1529, 0.0021293163299560547]
[1530, 0.002044200897216797]
[1531, 0.0023217201232910156]
[1532, 0.0021135807037353516]
[1533, 0.002039670944213867]
[1534, 0.002275228500366211]
[1535, 0.0020873546600341797]
[1536, 0.0020339488983154297]
[1537, 0.0022363662719726562]
[1538, 0.0021381378173828125]
[1539, 0.0020592212677001953]
[1540, 0.0021588802337646484]
[1541, 0.0020647048950195312]
[1542, 0.0020885467529296875]
[1543, 0.002057313919067383]
[1544, 0.002077817916870117]
[1545, 0.002050638198852539]
[1546, 0.0020608901977539062]
[1547, 0.0024557113647460938]
[1548, 0.0020453929901123047]
[1549, 0.0020761489868164062]
[1550, 0.0023229122161865234]
[1551, 0.0020608901977539062]
[1552, 0.0020644664764404297]
[1553, 0.0020542144775390625]
[1554, 0.002081155776977539]
[1555, 0.00208282470703125]
[1556, 0.0020635128021240234]
[1557, 0.002107858657836914]
[1558, 0.002085447311401367]
[1559, 0.002063751220703125]
[1560, 0.002091646194458008]
[1561, 0.0021522045135498047]
[1562, 0.0020782947540283203]
[1563, 0.0020797252655029297]
[1564, 0.002165555953979492]
[1565, 0.002111196517944336]
[1566, 0.002135753631591797]
[1567, 0.0021021366119384766]
[1568, 0.0023162364959716797]
[1569, 0.002128124237060547]
[1570, 0.002106904983520508]
[1571, 0.0020766258239746094]
[1572, 0.0020599365234375]
[1573, 0.002216815948486328]
[1574, 0.002105236053466797]
[1575, 0.0021817684173583984]
[1576, 0.002138853073120117]
[1577, 0.0020928382873535156]
[1578, 0.0021131038665771484]
[1579, 0.0022034645080566406]
[1580, 0.002149343490600586]
[1581, 0.002091646194458008]
[1582, 0.002101898193359375]
[1583, 0.002129793167114258]
[1584, 0.002097606658935547]
[1585, 0.0021135807037353516]
[1586, 0.0021169185638427734]
[1587, 0.0022046566009521484]
[1588, 0.0020935535430908203]
[1589, 0.002123117446899414]
[1590, 0.0021178722381591797]
[1591, 0.0032737255096435547]
[1592, 0.002166271209716797]
[1593, 0.002233743667602539]
[1594, 0.0021429061889648438]
[1595, 0.0021431446075439453]
[1596, 0.002082347869873047]
[1597, 0.0021300315856933594]
[1598, 0.002259492874145508]
[1599, 0.002159595489501953]
[1600, 0.0022988319396972656]
[1601, 0.002165555953979492]
[1602, 0.0022041797637939453]
[1603, 0.002290487289428711]
[1604, 0.002201080322265625]
[1605, 0.0021486282348632812]
[1606, 0.002166271209716797]
[1607, 0.0021750926971435547]
[1608, 0.0021719932556152344]
[1609, 0.002189159393310547]
[1610, 0.0021631717681884766]
[1611, 0.0021529197692871094]
[1612, 0.002175569534301758]
[1613, 0.0021677017211914062]
[1614, 0.002198457717895508]
[1615, 0.0022499561309814453]
[1616, 0.0021877288818359375]
[1617, 0.0021927356719970703]
[1618, 0.0021817684173583984]
[1619, 0.002184629440307617]
[1620, 0.0021903514862060547]
[1621, 0.002190113067626953]
[1622, 0.0021686553955078125]
[1623, 0.002190828323364258]
[1624, 0.0021886825561523438]
[1625, 0.0022742748260498047]
[1626, 0.0022063255310058594]
[1627, 0.0021817684173583984]
[1628, 0.002190113067626953]
[1629, 0.0022308826446533203]
[1630, 0.0021619796752929688]
[1631, 0.0022046566009521484]
[1632, 0.0022025108337402344]
[1633, 0.0022153854370117188]
[1634, 0.0023584365844726562]
[1635, 0.002238035202026367]
[1636, 0.0022094249725341797]
[1637, 0.002201080322265625]
[1638, 0.002166271209716797]
[1639, 0.002286195755004883]
[1640, 0.0022187232971191406]
[1641, 0.0022542476654052734]
[1642, 0.0023348331451416016]
[1643, 0.0022292137145996094]
[1644, 0.002227306365966797]
[1645, 0.0022225379943847656]
[1646, 0.0022287368774414062]
[1647, 0.0022215843200683594]
[1648, 0.002254962921142578]
[1649, 0.002332925796508789]
[1650, 0.0022547245025634766]
[1651, 0.0024521350860595703]
[1652, 0.002214193344116211]
[1653, 0.0022246837615966797]
[1654, 0.0023431777954101562]
[1655, 0.0022172927856445312]
[1656, 0.002230405807495117]
[1657, 0.002256631851196289]
[1658, 0.0022535324096679688]
[1659, 0.0023326873779296875]
[1660, 0.0022406578063964844]
[1661, 0.0022690296173095703]
[1662, 0.0022437572479248047]
[1663, 0.002240896224975586]
[1664, 0.0021872520446777344]
[1665, 0.0022573471069335938]
[1666, 0.002248048782348633]
[1667, 0.002264738082885742]
[1668, 0.002276182174682617]
[1669, 0.002330303192138672]
[1670, 0.002292156219482422]
[1671, 0.0022745132446289062]
[1672, 0.002239704132080078]
[1673, 0.002252817153930664]
[1674, 0.0022678375244140625]
[1675, 0.002258777618408203]
[1676, 0.0024635791778564453]
[1677, 0.002256631851196289]
[1678, 0.0023059844970703125]
[1679, 0.0023071765899658203]
[1680, 0.0022950172424316406]
[1681, 0.002274036407470703]
[1682, 0.002265453338623047]
[1683, 0.002282381057739258]
[1684, 0.002259969711303711]
[1685, 0.002262115478515625]
[1686, 0.0022704601287841797]
[1687, 0.002275228500366211]
[1688, 0.0022449493408203125]
[1689, 0.0022842884063720703]
[1690, 0.0022966861724853516]
[1691, 0.002276182174682617]
[1692, 0.002271413803100586]
[1693, 0.002295970916748047]
[1694, 0.0022687911987304688]
[1695, 0.002354860305786133]
[1696, 0.0023050308227539062]
[1697, 0.0023093223571777344]
[1698, 0.002317667007446289]
[1699, 0.0023555755615234375]
[1700, 0.002298116683959961]
[1701, 0.002396821975708008]
[1702, 0.0022890567779541016]
[1703, 0.0022912025451660156]
[1704, 0.0023131370544433594]
[1705, 0.0023245811462402344]
[1706, 0.0022950172424316406]
[1707, 0.002283811569213867]
[1708, 0.002301454544067383]
[1709, 0.002313852310180664]
[1710, 0.002316713333129883]
[1711, 0.002313375473022461]
[1712, 0.002327442169189453]
[1713, 0.0023059844970703125]
[1714, 0.0023241043090820312]
[1715, 0.0023050308227539062]
[1716, 0.002321958541870117]
[1717, 0.0022912025451660156]
[1718, 0.0022864341735839844]
[1719, 0.0022783279418945312]
[1720, 0.0022945404052734375]
[1721, 0.0022902488708496094]
[1722, 0.002281665802001953]
[1723, 0.0022878646850585938]
[1724, 0.0022504329681396484]
[1725, 0.0023114681243896484]
[1726, 0.002343893051147461]
[1727, 0.0022869110107421875]
[1728, 0.002347230911254883]
[1729, 0.002300739288330078]
[1730, 0.0023162364959716797]
[1731, 0.002379894256591797]
[1732, 0.0023195743560791016]
[1733, 0.0023262500762939453]
[1734, 0.0023603439331054688]
[1735, 0.002295970916748047]
[1736, 0.0023386478424072266]
[1737, 0.0022726058959960938]
[1738, 0.0023293495178222656]
[1739, 0.00237274169921875]
[1740, 0.0023031234741210938]
[1741, 0.002431631088256836]
[1742, 0.002315044403076172]
[1743, 0.0024209022521972656]
[1744, 0.002329111099243164]
[1745, 0.0023522377014160156]
[1746, 0.0023250579833984375]
[1747, 0.0024862289428710938]
[1748, 0.002281665802001953]
[1749, 0.002350330352783203]
[1750, 0.0022873878479003906]
[1751, 0.0023529529571533203]
[1752, 0.0026030540466308594]
[1753, 0.0023870468139648438]
[1754, 0.0026345252990722656]
[1755, 0.0023393630981445312]
[1756, 0.002349376678466797]
[1757, 0.002411365509033203]
[1758, 0.002351045608520508]
[1759, 0.002331972122192383]
[1760, 0.0023217201232910156]
[1761, 0.002393007278442383]
[1762, 0.0023207664489746094]
[1763, 0.002402067184448242]
[1764, 0.0023336410522460938]
[1765, 0.0025327205657958984]
[1766, 0.0024976730346679688]
[1767, 0.0025246143341064453]
[1768, 0.0023818016052246094]
[1769, 0.002403736114501953]
[1770, 0.002373218536376953]
[1771, 0.002362489700317383]
[1772, 0.0023453235626220703]
[1773, 0.0023419857025146484]
[1774, 0.0023598670959472656]
[1775, 0.0023260116577148438]
[1776, 0.0023620128631591797]
[1777, 0.0024361610412597656]
[1778, 0.0023860931396484375]
[1779, 0.0023920536041259766]
[1780, 0.0023889541625976562]
[1781, 0.0023577213287353516]
[1782, 0.002429485321044922]
[1783, 0.0024063587188720703]
[1784, 0.0024008750915527344]
[1785, 0.0023941993713378906]
[1786, 0.002424478530883789]
[1787, 0.0023839473724365234]
[1788, 0.0024073123931884766]
[1789, 0.0024003982543945312]
[1790, 0.0024518966674804688]
[1791, 0.0023772716522216797]
[1792, 0.0023822784423828125]
[1793, 0.0027518272399902344]
[1794, 0.002399921417236328]
[1795, 0.002391815185546875]
[1796, 0.002483844757080078]
[1797, 0.0024230480194091797]
[1798, 0.002543210983276367]
[1799, 0.0023860931396484375]
[1800, 0.0024008750915527344]
[1801, 0.002460956573486328]
[1802, 0.002461671829223633]
[1803, 0.0024802684783935547]
[1804, 0.0024003982543945312]
[1805, 0.0024213790893554688]
[1806, 0.002463102340698242]
[1807, 0.002437114715576172]
[1808, 0.0024306774139404297]
[1809, 0.0025839805603027344]
[1810, 0.0025353431701660156]
[1811, 0.002403736114501953]
[1812, 0.0024445056915283203]
[1813, 0.002615213394165039]
[1814, 0.0024089813232421875]
[1815, 0.0023975372314453125]
[1816, 0.0024983882904052734]
[1817, 0.0024521350860595703]
[1818, 0.0024356842041015625]
[1819, 0.0024154186248779297]
[1820, 0.0024852752685546875]
[1821, 0.0024709701538085938]
[1822, 0.002420186996459961]
[1823, 0.002452373504638672]
[1824, 0.0023877620697021484]
[1825, 0.0024766921997070312]
[1826, 0.002450704574584961]
[1827, 0.002479076385498047]
[1828, 0.002463817596435547]
[1829, 0.002473592758178711]
[1830, 0.0024318695068359375]
[1831, 0.002403736114501953]
[1832, 0.0024538040161132812]
[1833, 0.0024497509002685547]
[1834, 0.0024709701538085938]
[1835, 0.0024280548095703125]
[1836, 0.0024716854095458984]
[1837, 0.0025594234466552734]
[1838, 0.002477407455444336]
[1839, 0.002424955368041992]
[1840, 0.002572298049926758]
[1841, 0.002687692642211914]
[1842, 0.002434968948364258]
[1843, 0.002576112747192383]
[1844, 0.0024263858795166016]
[1845, 0.0024521350860595703]
[1846, 0.0025861263275146484]
[1847, 0.0027005672454833984]
[1848, 0.002446889877319336]
[1849, 0.0025017261505126953]
[1850, 0.0024993419647216797]
[1851, 0.002474546432495117]
[1852, 0.00243377685546875]
[1853, 0.0025415420532226562]
[1854, 0.0025246143341064453]
[1855, 0.0025835037231445312]
[1856, 0.0024611949920654297]
[1857, 0.002445220947265625]
[1858, 0.002495288848876953]
[1859, 0.002497434616088867]
[1860, 0.0024657249450683594]
[1861, 0.0025124549865722656]
[1862, 0.0024878978729248047]
[1863, 0.002493143081665039]
[1864, 0.002607583999633789]
[1865, 0.0024771690368652344]
[1866, 0.002496957778930664]
[1867, 0.002471923828125]
[1868, 0.0025975704193115234]
[1869, 0.002520322799682617]
[1870, 0.002490520477294922]
[1871, 0.0025184154510498047]
[1872, 0.00263214111328125]
[1873, 0.002591371536254883]
[1874, 0.0027272701263427734]
[1875, 0.0025064945220947266]
[1876, 0.002508401870727539]
[1877, 0.002524852752685547]
[1878, 0.0025072097778320312]
[1879, 0.0026133060455322266]
[1880, 0.00251007080078125]
[1881, 0.002508401870727539]
[1882, 0.0025055408477783203]
[1883, 0.0025577545166015625]
[1884, 0.0024929046630859375]
[1885, 0.002549409866333008]
[1886, 0.0024690628051757812]
[1887, 0.002532482147216797]
[1888, 0.00252532958984375]
[1889, 0.0025937557220458984]
[1890, 0.002725362777709961]
[1891, 0.002532958984375]
[1892, 0.002762317657470703]
[1893, 0.002522706985473633]
[1894, 0.0025572776794433594]
[1895, 0.0025789737701416016]
[1896, 0.002521038055419922]
[1897, 0.0025339126586914062]
[1898, 0.0025496482849121094]
[1899, 0.0026929378509521484]
[1900, 0.002634286880493164]
[1901, 0.002554655075073242]
[1902, 0.002530336380004883]
[1903, 0.0026092529296875]
[1904, 0.0025603771209716797]
[1905, 0.002716541290283203]
[1906, 0.002546548843383789]
[1907, 0.0025632381439208984]
[1908, 0.002600431442260742]
[1909, 0.0025713443756103516]
[1910, 0.0025968551635742188]
[1911, 0.0025985240936279297]
[1912, 0.002579927444458008]
[1913, 0.0025751590728759766]
[1914, 0.002559185028076172]
[1915, 0.0025434494018554688]
[1916, 0.002694845199584961]
[1917, 0.002593517303466797]
[1918, 0.002546548843383789]
[1919, 0.002572774887084961]
[1920, 0.002590656280517578]
[1921, 0.0025832653045654297]
[1922, 0.0026161670684814453]
[1923, 0.0027823448181152344]
[1924, 0.0025572776794433594]
[1925, 0.002735614776611328]
[1926, 0.002588033676147461]
[1927, 0.002588033676147461]
[1928, 0.0025527477264404297]
[1929, 0.0025873184204101562]
[1930, 0.0026814937591552734]
[1931, 0.0025832653045654297]
[1932, 0.0028295516967773438]
[1933, 0.002589702606201172]
[1934, 0.0026106834411621094]
[1935, 0.0025763511657714844]
[1936, 0.002554178237915039]
[1937, 0.002585887908935547]
[1938, 0.0025916099548339844]
[1939, 0.002636432647705078]
[1940, 0.002618074417114258]
[1941, 0.0025701522827148438]
[1942, 0.002635478973388672]
[1943, 0.0025894641876220703]
[1944, 0.0026788711547851562]
[1945, 0.0026166439056396484]
[1946, 0.002584218978881836]
[1947, 0.0026311874389648438]
[1948, 0.0026755332946777344]
[1949, 0.002731800079345703]
[1950, 0.002669811248779297]
[1951, 0.0026264190673828125]
[1952, 0.0026311874389648438]
[1953, 0.002947092056274414]
[1954, 0.0026280879974365234]
[1955, 0.002628326416015625]
[1956, 0.0027420520782470703]
[1957, 0.002617359161376953]
[1958, 0.0026483535766601562]
[1959, 0.0025703907012939453]
[1960, 0.0026276111602783203]
[1961, 0.002638101577758789]
[1962, 0.002626657485961914]
[1963, 0.0026116371154785156]
[1964, 0.0026798248291015625]
[1965, 0.0026607513427734375]
[1966, 0.002620220184326172]
[1967, 0.0026826858520507812]
[1968, 0.0025839805603027344]
[1969, 0.0026907920837402344]
[1970, 0.002614259719848633]
[1971, 0.0026683807373046875]
[1972, 0.0026395320892333984]
[1973, 0.0026454925537109375]
[1974, 0.0026178359985351562]
[1975, 0.0026895999908447266]
[1976, 0.0026264190673828125]
[1977, 0.002696514129638672]
[1978, 0.0026433467864990234]
[1979, 0.002638578414916992]
[1980, 0.0027496814727783203]
[1981, 0.002621173858642578]
[1982, 0.002922534942626953]
[1983, 0.0026924610137939453]
[1984, 0.0027430057525634766]
[1985, 0.0029926300048828125]
[1986, 0.002637624740600586]
[1987, 0.00266265869140625]
[1988, 0.0028362274169921875]
[1989, 0.0027780532836914062]
[1990, 0.0027036666870117188]
[1991, 0.002798795700073242]
[1992, 0.0027785301208496094]
[1993, 0.0027725696563720703]
[1994, 0.0030317306518554688]
[1995, 0.0027246475219726562]
[1996, 0.005174875259399414]
[1997, 0.0040493011474609375]
[1998, 0.005645751953125]
[1999, 0.002776622772216797]
[2000, 0.0028846263885498047]
[2001, 0.0027740001678466797]
[2002, 0.0028228759765625]
[2003, 0.0028221607208251953]
[2004, 0.0027914047241210938]
[2005, 0.002907276153564453]
[2006, 0.0026984214782714844]
[2007, 0.0028858184814453125]
[2008, 0.002655506134033203]
[2009, 0.0036077499389648438]
[2010, 0.002687215805053711]
[2011, 0.0028896331787109375]
[2012, 0.0028939247131347656]
[2013, 0.003212451934814453]
[2014, 0.002713441848754883]
[2015, 0.0034847259521484375]
[2016, 0.002857685089111328]
[2017, 0.0032563209533691406]
[2018, 0.0028929710388183594]
[2019, 0.0033926963806152344]
[2020, 0.0027244091033935547]
[2021, 0.003701448440551758]
[2022, 0.003030538558959961]
[2023, 0.003912448883056641]
[2024, 0.00311279296875]
[2025, 0.003238677978515625]
[2026, 0.0029458999633789062]
[2027, 0.002850055694580078]
[2028, 0.0027534961700439453]
[2029, 0.0033032894134521484]
[2030, 0.0029730796813964844]
[2031, 0.0028264522552490234]
[2032, 0.002773284912109375]
[2033, 0.0041522979736328125]
[2034, 0.002744436264038086]
[2035, 0.0041272640228271484]
[2036, 0.0027556419372558594]
[2037, 0.0038290023803710938]
[2038, 0.0027627944946289062]
[2039, 0.004157304763793945]
[2040, 0.002783536911010742]
[2041, 0.003314495086669922]
[2042, 0.002790689468383789]
[2043, 0.004311084747314453]
[2044, 0.003030061721801758]
[2045, 0.0034530162811279297]
[2046, 0.0027637481689453125]
[2047, 0.0032842159271240234]
[2048, 0.0027337074279785156]
[2049, 0.002948284149169922]
[2050, 0.0031075477600097656]
[2051, 0.0030541419982910156]
[2052, 0.0028367042541503906]
[2053, 0.0028510093688964844]
[2054, 0.00281524658203125]
[2055, 0.002908945083618164]
[2056, 0.0031685829162597656]
[2057, 0.0029244422912597656]
[2058, 0.002899169921875]
[2059, 0.0030553340911865234]
[2060, 0.003056049346923828]
[2061, 0.0030651092529296875]
[2062, 0.003338336944580078]
[2063, 0.003081798553466797]
[2064, 0.0030820369720458984]
[2065, 0.0030956268310546875]
[2066, 0.0031414031982421875]
[2067, 0.0031599998474121094]
[2068, 0.003172159194946289]
[2069, 0.003203868865966797]
[2070, 0.003207683563232422]
[2071, 0.0032105445861816406]
[2072, 0.0032863616943359375]
[2073, 0.0035920143127441406]
[2074, 0.0033032894134521484]
[2075, 0.003466367721557617]
[2076, 0.003323793411254883]
[2077, 0.003289461135864258]
[2078, 0.003353118896484375]
[2079, 0.003424406051635742]
[2080, 0.003479480743408203]
[2081, 0.003415822982788086]
[2082, 0.0033249855041503906]
[2083, 0.003389120101928711]
[2084, 0.003407716751098633]
[2085, 0.0033576488494873047]
[2086, 0.003582000732421875]
[2087, 0.003426790237426758]
[2088, 0.003339529037475586]
[2089, 0.003345489501953125]
[2090, 0.003354787826538086]
[2091, 0.0035409927368164062]
[2092, 0.0034949779510498047]
[2093, 0.003465414047241211]
[2094, 0.0035233497619628906]
[2095, 0.00337982177734375]
[2096, 0.003371715545654297]
[2097, 0.0034737586975097656]
[2098, 0.0035452842712402344]
[2099, 0.00336456298828125]
[2100, 0.0037276744842529297]
[2101, 0.0034172534942626953]
[2102, 0.0033817291259765625]
[2103, 0.003570556640625]
[2104, 0.003382444381713867]
[2105, 0.003525972366333008]
[2106, 0.0034537315368652344]
[2107, 0.0034170150756835938]
[2108, 0.0033762454986572266]
[2109, 0.003464937210083008]
[2110, 0.0035445690155029297]
[2111, 0.0034646987915039062]
[2112, 0.0033605098724365234]
[2113, 0.003579854965209961]
[2114, 0.0033888816833496094]
[2115, 0.003451824188232422]
[2116, 0.003407001495361328]
[2117, 0.003438711166381836]
[2118, 0.0034325122833251953]
[2119, 0.003421306610107422]
[2120, 0.0034456253051757812]
[2121, 0.0034263134002685547]
[2122, 0.0033981800079345703]
[2123, 0.0034143924713134766]
[2124, 0.003412008285522461]
[2125, 0.00336456298828125]
[2126, 0.0040094852447509766]
[2127, 0.003522157669067383]
[2128, 0.004527091979980469]
[2129, 0.0035216808319091797]
[2130, 0.0035712718963623047]
[2131, 0.0034787654876708984]
[2132, 0.0036776065826416016]
[2133, 0.00394129753112793]
[2134, 0.004067182540893555]
[2135, 0.0054471492767333984]
[2136, 0.0034875869750976562]
[2137, 0.003644704818725586]
[2138, 0.0036132335662841797]
[2139, 0.0035789012908935547]
[2140, 0.0034530162811279297]
[2141, 0.003566741943359375]
[2142, 0.003925800323486328]
[2143, 0.0034694671630859375]
[2144, 0.0034933090209960938]
[2145, 0.003566741943359375]
[2146, 0.0034742355346679688]
[2147, 0.003650665283203125]
[2148, 0.0036132335662841797]
[2149, 0.0034542083740234375]
[2150, 0.003502368927001953]
[2151, 0.0036683082580566406]
[2152, 0.00490117073059082]
[2153, 0.0038704872131347656]
[2154, 0.003482818603515625]
[2155, 0.0036287307739257812]
[2156, 0.0037479400634765625]
[2157, 0.0034902095794677734]
[2158, 0.003538370132446289]
[2159, 0.003524303436279297]
[2160, 0.003782510757446289]
[2161, 0.0036211013793945312]
[2162, 0.003450632095336914]
[2163, 0.003451108932495117]
[2164, 0.003737211227416992]
[2165, 0.003457307815551758]
[2166, 0.0035004615783691406]
[2167, 0.003735780715942383]
[2168, 0.0035293102264404297]
[2169, 0.003838062286376953]
[2170, 0.0036520957946777344]
[2171, 0.0034613609313964844]
[2172, 0.0034570693969726562]
[2173, 0.0034570693969726562]
[2174, 0.003442049026489258]
[2175, 0.004193782806396484]
[2176, 0.003636598587036133]
[2177, 0.003677845001220703]
[2178, 0.003481149673461914]
[2179, 0.003763914108276367]
[2180, 0.003474712371826172]
[2181, 0.0035398006439208984]
[2182, 0.003485441207885742]
[2183, 0.003658771514892578]
[2184, 0.0034770965576171875]
[2185, 0.003490924835205078]
[2186, 0.003473997116088867]
[2187, 0.0035037994384765625]
[2188, 0.003681182861328125]
[2189, 0.0034990310668945312]
[2190, 0.0035386085510253906]
[2191, 0.003732442855834961]
[2192, 0.0034890174865722656]
[2193, 0.0035991668701171875]
[2194, 0.003580331802368164]
[2195, 0.003529787063598633]
[2196, 0.0035164356231689453]
[2197, 0.0036096572875976562]
[2198, 0.0035567283630371094]
[2199, 0.003663778305053711]
[2200, 0.0037572383880615234]
[2201, 0.0037467479705810547]
[2202, 0.003507375717163086]
[2203, 0.0035448074340820312]
[2204, 0.003657102584838867]
[2205, 0.003560781478881836]
[2206, 0.0035114288330078125]
[2207, 0.0036458969116210938]
[2208, 0.004454135894775391]
[2209, 0.0042514801025390625]
[2210, 0.0034983158111572266]
[2211, 0.0035789012908935547]
[2212, 0.003535747528076172]
[2213, 0.0035293102264404297]
[2214, 0.003545522689819336]
[2215, 0.0036644935607910156]
[2216, 0.003590106964111328]
[2217, 0.0035500526428222656]
[2218, 0.003576040267944336]
[2219, 0.003551483154296875]
[2220, 0.003748655319213867]
[2221, 0.0035495758056640625]
[2222, 0.0035448074340820312]
[2223, 0.0036950111389160156]
[2224, 0.0035338401794433594]
[2225, 0.003922939300537109]
[2226, 0.0035467147827148438]
[2227, 0.0036568641662597656]
[2228, 0.0035572052001953125]
[2229, 0.0037381649017333984]
[2230, 0.003564119338989258]
[2231, 0.003654956817626953]
[2232, 0.0036275386810302734]
[2233, 0.003744840621948242]
[2234, 0.00357818603515625]
[2235, 0.003823995590209961]
[2236, 0.0038695335388183594]
[2237, 0.0035581588745117188]
[2238, 0.0036246776580810547]
[2239, 0.0038895606994628906]
[2240, 0.003736257553100586]
[2241, 0.003639698028564453]
[2242, 0.003738880157470703]
[2243, 0.0035779476165771484]
[2244, 0.003583192825317383]
[2245, 0.003590822219848633]
[2246, 0.0035941600799560547]
[2247, 0.0036821365356445312]
[2248, 0.0035903453826904297]
[2249, 0.003719329833984375]
[2250, 0.003631591796875]
[2251, 0.0036127567291259766]
[2252, 0.0035886764526367188]
[2253, 0.0035996437072753906]
[2254, 0.0036001205444335938]
[2255, 0.0035665035247802734]
[2256, 0.0035932064056396484]
[2257, 0.00359344482421875]
[2258, 0.0037431716918945312]
[2259, 0.003644227981567383]
[2260, 0.003747701644897461]
[2261, 0.0038652420043945312]
[2262, 0.003808736801147461]
[2263, 0.003633260726928711]
[2264, 0.0036344528198242188]
[2265, 0.003747701644897461]
[2266, 0.0036880970001220703]
[2267, 0.0037641525268554688]
[2268, 0.0038051605224609375]
[2269, 0.00360107421875]
[2270, 0.0037412643432617188]
[2271, 0.0037293434143066406]
[2272, 0.003643512725830078]
[2273, 0.0036220550537109375]
[2274, 0.003713846206665039]
[2275, 0.0037178993225097656]
[2276, 0.003614187240600586]
[2277, 0.00365447998046875]
[2278, 0.0036458969116210938]
[2279, 0.00398707389831543]
[2280, 0.003995656967163086]
[2281, 0.003637552261352539]
[2282, 0.00389862060546875]
[2283, 0.0036606788635253906]
[2284, 0.00373077392578125]
[2285, 0.0037717819213867188]
[2286, 0.003991603851318359]
[2287, 0.0036497116088867188]
[2288, 0.0036857128143310547]
[2289, 0.0037267208099365234]
[2290, 0.0037577152252197266]
[2291, 0.004094839096069336]
[2292, 0.0036535263061523438]
[2293, 0.004026889801025391]
[2294, 0.003750324249267578]
[2295, 0.0036792755126953125]
[2296, 0.0036754608154296875]
[2297, 0.003728151321411133]
[2298, 0.003782510757446289]
[2299, 0.0037386417388916016]
[2300, 0.0036716461181640625]
[2301, 0.0036809444427490234]
[2302, 0.003660440444946289]
[2303, 0.004070758819580078]
[2304, 0.0036954879760742188]
[2305, 0.003754854202270508]
[2306, 0.0036869049072265625]
[2307, 0.003720998764038086]
[2308, 0.0039000511169433594]
[2309, 0.004414796829223633]
[2310, 0.003696441650390625]
[2311, 0.0036933422088623047]
[2312, 0.0037736892700195312]
[2313, 0.0038690567016601562]
[2314, 0.003701448440551758]
[2315, 0.003892183303833008]
[2316, 0.0036902427673339844]
[2317, 0.003720998764038086]
[2318, 0.0036711692810058594]
[2319, 0.004095315933227539]
[2320, 0.003696918487548828]
[2321, 0.003706216812133789]
[2322, 0.0037145614624023438]
[2323, 0.0038046836853027344]
[2324, 0.003742218017578125]
[2325, 0.0038106441497802734]
[2326, 0.003694295883178711]
[2327, 0.0037987232208251953]
[2328, 0.0039637088775634766]
[2329, 0.003882169723510742]
[2330, 0.0038585662841796875]
[2331, 0.0039980411529541016]
[2332, 0.0037436485290527344]
[2333, 0.0037250518798828125]
[2334, 0.0037560462951660156]
[2335, 0.003960132598876953]
[2336, 0.0038595199584960938]
[2337, 0.0037183761596679688]
[2338, 0.004346132278442383]
[2339, 0.005490541458129883]
[2340, 0.0037631988525390625]
[2341, 0.0037529468536376953]
[2342, 0.0037665367126464844]
[2343, 0.003791332244873047]
[2344, 0.0041315555572509766]
[2345, 0.003724813461303711]
[2346, 0.0038704872131347656]
[2347, 0.0037631988525390625]
[2348, 0.0037407875061035156]
[2349, 0.0037674903869628906]
[2350, 0.003779172897338867]
[2351, 0.003907918930053711]
[2352, 0.0037376880645751953]
[2353, 0.0037844181060791016]
[2354, 0.005923032760620117]
[2355, 0.003882884979248047]
[2356, 0.00660395622253418]
[2357, 0.003875255584716797]
[2358, 0.005305051803588867]
[2359, 0.0055501461029052734]
[2360, 0.005762577056884766]
[2361, 0.0040323734283447266]
[2362, 0.004484653472900391]
[2363, 0.005087852478027344]
[2364, 0.004017353057861328]
[2365, 0.0045893192291259766]
[2366, 0.00389862060546875]
[2367, 0.0052411556243896484]
[2368, 0.004401445388793945]
[2369, 0.0038504600524902344]
[2370, 0.004056692123413086]
[2371, 0.0039136409759521484]
[2372, 0.004060268402099609]
[2373, 0.004026651382446289]
[2374, 0.003938198089599609]
[2375, 0.004778623580932617]
[2376, 0.0037839412689208984]
[2377, 0.004786968231201172]
[2378, 0.0048100948333740234]
[2379, 0.0041501522064208984]
[2380, 0.00450444221496582]
[2381, 0.003907442092895508]
[2382, 0.003824472427368164]
[2383, 0.004213571548461914]
[2384, 0.004082679748535156]
[2385, 0.004022359848022461]
[2386, 0.003833293914794922]
[2387, 0.004128456115722656]
[2388, 0.003946542739868164]
[2389, 0.003841876983642578]
[2390, 0.00517725944519043]
[2391, 0.0038073062896728516]
[2392, 0.003909111022949219]
[2393, 0.004206657409667969]
[2394, 0.004112720489501953]
[2395, 0.004503965377807617]
[2396, 0.003911733627319336]
[2397, 0.004640102386474609]
[2398, 0.0050506591796875]
[2399, 0.004526615142822266]
[2400, 0.005023479461669922]
[2401, 0.004664182662963867]
[2402, 0.00426936149597168]
[2403, 0.004077434539794922]
[2404, 0.0039501190185546875]
[2405, 0.003976345062255859]
[2406, 0.00488591194152832]
[2407, 0.003937482833862305]
[2408, 0.004280805587768555]
[2409, 0.005170345306396484]
[2410, 0.0038220882415771484]
[2411, 0.003908395767211914]
[2412, 0.004179239273071289]
[2413, 0.0043277740478515625]
[2414, 0.0043506622314453125]
[2415, 0.004018545150756836]
[2416, 0.003945589065551758]
[2417, 0.0045146942138671875]
[2418, 0.0038785934448242188]
[2419, 0.005308389663696289]
[2420, 0.00399470329284668]
[2421, 0.003986358642578125]
[2422, 0.005034923553466797]
[2423, 0.004059791564941406]
[2424, 0.004197597503662109]
[2425, 0.00400543212890625]
[2426, 0.0039637088775634766]
[2427, 0.005053281784057617]
[2428, 0.003927707672119141]
[2429, 0.004056215286254883]
[2430, 0.0039789676666259766]
[2431, 0.0039055347442626953]
[2432, 0.0041348934173583984]
[2433, 0.003987789154052734]
[2434, 0.004971981048583984]
[2435, 0.006623029708862305]
[2436, 0.003878355026245117]
[2437, 0.00520777702331543]
[2438, 0.003870725631713867]
[2439, 0.00393366813659668]
[2440, 0.004361629486083984]
[2441, 0.0038962364196777344]
[2442, 0.004902839660644531]
[2443, 0.003919124603271484]
[2444, 0.004024505615234375]
[2445, 0.004126071929931641]
[2446, 0.004273176193237305]
[2447, 0.004866361618041992]
[2448, 0.004175901412963867]
[2449, 0.004084587097167969]
[2450, 0.004194736480712891]
[2451, 0.003921031951904297]
[2452, 0.004736661911010742]
[2453, 0.003900766372680664]
[2454, 0.004262447357177734]
[2455, 0.003945112228393555]
[2456, 0.004081010818481445]
[2457, 0.004519224166870117]
[2458, 0.0039331912994384766]
[2459, 0.004408121109008789]
[2460, 0.004231929779052734]
[2461, 0.004103660583496094]
[2462, 0.004572629928588867]
[2463, 0.00420689582824707]
[2464, 0.0042574405670166016]
[2465, 0.004684925079345703]
[2466, 0.004018068313598633]
[2467, 0.004687786102294922]
[2468, 0.004178524017333984]
[2469, 0.005797386169433594]
[2470, 0.004185914993286133]
[2471, 0.004190683364868164]
[2472, 0.00392913818359375]
[2473, 0.0043354034423828125]
[2474, 0.004084110260009766]
[2475, 0.0039556026458740234]
[2476, 0.004086732864379883]
[2477, 0.003957271575927734]
[2478, 0.003970623016357422]
[2479, 0.003942728042602539]
[2480, 0.004274845123291016]
[2481, 0.004075288772583008]
[2482, 0.003973484039306641]
[2483, 0.003998517990112305]
[2484, 0.004523515701293945]
[2485, 0.004175662994384766]
[2486, 0.004374504089355469]
[2487, 0.003977537155151367]
[2488, 0.003987312316894531]
[2489, 0.003957271575927734]
[2490, 0.003955841064453125]
[2491, 0.004134416580200195]
[2492, 0.003976345062255859]
[2493, 0.00428009033203125]
[2494, 0.004011631011962891]
[2495, 0.004068136215209961]
[2496, 0.003958225250244141]
[2497, 0.003973245620727539]
[2498, 0.0043582916259765625]
[2499, 0.004020214080810547]
[2500, 0.004050493240356445]
[2501, 0.0039825439453125]
[2502, 0.004009723663330078]
[2503, 0.004125833511352539]
[2504, 0.0042591094970703125]
[2505, 0.004064083099365234]
[2506, 0.003988504409790039]
[2507, 0.004250049591064453]
[2508, 0.00396728515625]
[2509, 0.0040035247802734375]
[2510, 0.00398707389831543]
[2511, 0.004216194152832031]
[2512, 0.004127979278564453]
[2513, 0.004003763198852539]
[2514, 0.00427699089050293]
[2515, 0.0040204524993896484]
[2516, 0.004225730895996094]
[2517, 0.004251718521118164]
[2518, 0.0042269229888916016]
[2519, 0.004174709320068359]
[2520, 0.003997087478637695]
[2521, 0.004038810729980469]
[2522, 0.004068613052368164]
[2523, 0.004119396209716797]
[2524, 0.004200935363769531]
[2525, 0.004155874252319336]
[2526, 0.004060268402099609]
[2527, 0.004232645034790039]
[2528, 0.004240751266479492]
[2529, 0.004046201705932617]
[2530, 0.0040514469146728516]
[2531, 0.004378557205200195]
[2532, 0.004271507263183594]
[2533, 0.004020214080810547]
[2534, 0.004320859909057617]
[2535, 0.004332780838012695]
[2536, 0.004223823547363281]
[2537, 0.004065752029418945]
[2538, 0.0042302608489990234]
[2539, 0.0040912628173828125]
[2540, 0.004052877426147461]
[2541, 0.004070281982421875]
[2542, 0.0042726993560791016]
[2543, 0.0040283203125]
[2544, 0.004086494445800781]
[2545, 0.004082679748535156]
[2546, 0.004082918167114258]
[2547, 0.004053354263305664]
[2548, 0.0041849613189697266]
[2549, 0.004273891448974609]
[2550, 0.004305601119995117]
[2551, 0.004430294036865234]
[2552, 0.00446009635925293]
[2553, 0.0042705535888671875]
[2554, 0.0040585994720458984]
[2555, 0.0040700435638427734]
[2556, 0.004216909408569336]
[2557, 0.004126787185668945]
[2558, 0.0040836334228515625]
[2559, 0.004056692123413086]
[2560, 0.0040929317474365234]
[2561, 0.004109859466552734]
[2562, 0.004092693328857422]
[2563, 0.0040967464447021484]
[2564, 0.004116058349609375]
[2565, 0.0041027069091796875]
[2566, 0.004079341888427734]
[2567, 0.004113912582397461]
[2568, 0.0040895938873291016]
[2569, 0.00412750244140625]
[2570, 0.0040972232818603516]
[2571, 0.00409388542175293]
[2572, 0.004098653793334961]
[2573, 0.0041158199310302734]
[2574, 0.004123687744140625]
[2575, 0.004079341888427734]
[2576, 0.004148244857788086]
[2577, 0.0041103363037109375]
[2578, 0.0041010379791259766]
[2579, 0.004206418991088867]
[2580, 0.0041501522064208984]
[2581, 0.0042836666107177734]
[2582, 0.004137992858886719]
[2583, 0.004115104675292969]
[2584, 0.004182338714599609]
[2585, 0.004212856292724609]
[2586, 0.0042035579681396484]
[2587, 0.004114627838134766]
[2588, 0.004137277603149414]
[2589, 0.004112720489501953]
[2590, 0.004176616668701172]
[2591, 0.004189252853393555]
[2592, 0.004736900329589844]
[2593, 0.0061795711517333984]
[2594, 0.004255771636962891]
[2595, 0.004549980163574219]
[2596, 0.00516200065612793]
[2597, 0.004137277603149414]
[2598, 0.0044155120849609375]
[2599, 0.005613565444946289]
[2600, 0.004843950271606445]
[2601, 0.004426002502441406]
[2602, 0.004263401031494141]
[2603, 0.004365205764770508]
[2604, 0.004152774810791016]
[2605, 0.004492521286010742]
[2606, 0.0041811466217041016]
[2607, 0.004130363464355469]
[2608, 0.004230499267578125]
[2609, 0.0041768550872802734]
[2610, 0.0041735172271728516]
[2611, 0.004481077194213867]
[2612, 0.004121541976928711]
[2613, 0.005146503448486328]
[2614, 0.00443577766418457]
[2615, 0.005107402801513672]
[2616, 0.004311323165893555]
[2617, 0.004230022430419922]
[2618, 0.0053386688232421875]
[2619, 0.004484415054321289]
[2620, 0.004183053970336914]
[2621, 0.005579471588134766]
[2622, 0.004348039627075195]
[2623, 0.0042493343353271484]
[2624, 0.006057024002075195]
[2625, 0.004324674606323242]
[2626, 0.004301309585571289]
[2627, 0.00500941276550293]
[2628, 0.004397392272949219]
[2629, 0.004549741744995117]
[2630, 0.00432896614074707]
[2631, 0.00457310676574707]
[2632, 0.0044078826904296875]
[2633, 0.004552125930786133]
[2634, 0.005793094635009766]
[2635, 0.004250764846801758]
[2636, 0.00428462028503418]
[2637, 0.0052912235260009766]
[2638, 0.004303932189941406]
[2639, 0.00442957878112793]
[2640, 0.005546092987060547]
[2641, 0.0045473575592041016]
[2642, 0.0050389766693115234]
[2643, 0.005432844161987305]
[2644, 0.00425410270690918]
[2645, 0.004518747329711914]
[2646, 0.00532078742980957]
[2647, 0.004618644714355469]
[2648, 0.004352569580078125]
[2649, 0.005586147308349609]
[2650, 0.004237174987792969]
[2651, 0.004349708557128906]
[2652, 0.0053141117095947266]
[2653, 0.004230976104736328]
[2654, 0.004511117935180664]
[2655, 0.004799604415893555]
[2656, 0.00429224967956543]
[2657, 0.004301786422729492]
[2658, 0.005192995071411133]
[2659, 0.0042629241943359375]
[2660, 0.004554271697998047]
[2661, 0.005390644073486328]
[2662, 0.004270315170288086]
[2663, 0.0043675899505615234]
[2664, 0.004608154296875]
[2665, 0.0043032169342041016]
[2666, 0.004824399948120117]
[2667, 0.0054166316986083984]
[2668, 0.004301309585571289]
[2669, 0.004396915435791016]
[2670, 0.004754543304443359]
[2671, 0.004332780838012695]
[2672, 0.004289388656616211]
[2673, 0.004552602767944336]
[2674, 0.0042726993560791016]
[2675, 0.004594564437866211]
[2676, 0.004431962966918945]
[2677, 0.005710601806640625]
[2678, 0.004358053207397461]
[2679, 0.004263162612915039]
[2680, 0.004311561584472656]
[2681, 0.0045282840728759766]
[2682, 0.004300355911254883]
[2683, 0.0045473575592041016]
[2684, 0.0045850276947021484]
[2685, 0.004388570785522461]
[2686, 0.0045166015625]
[2687, 0.004598379135131836]
[2688, 0.004305839538574219]
[2689, 0.004548788070678711]
[2690, 0.00438380241394043]
[2691, 0.004565715789794922]
[2692, 0.004450559616088867]
[2693, 0.004568576812744141]
[2694, 0.004591226577758789]
[2695, 0.004293203353881836]
[2696, 0.0043909549713134766]
[2697, 0.004374504089355469]
[2698, 0.004389762878417969]
[2699, 0.004545927047729492]
[2700, 0.0043070316314697266]
[2701, 0.004313468933105469]
[2702, 0.004277944564819336]
[2703, 0.0045506954193115234]
[2704, 0.004624366760253906]
[2705, 0.004380464553833008]
[2706, 0.004317760467529297]
[2707, 0.0043642520904541016]
[2708, 0.004586935043334961]
[2709, 0.004717111587524414]
[2710, 0.00472569465637207]
[2711, 0.004347324371337891]
[2712, 0.004688262939453125]
[2713, 0.004351139068603516]
[2714, 0.00454401969909668]
[2715, 0.0043413639068603516]
[2716, 0.004459381103515625]
[2717, 0.004594564437866211]
[2718, 0.004342317581176758]
[2719, 0.004521369934082031]
[2720, 0.004334211349487305]
[2721, 0.004353523254394531]
[2722, 0.00439906120300293]
[2723, 0.0044002532958984375]
[2724, 0.004359006881713867]
[2725, 0.004441976547241211]
[2726, 0.004321098327636719]
[2727, 0.004435062408447266]
[2728, 0.004617452621459961]
[2729, 0.004375934600830078]
[2730, 0.004675626754760742]
[2731, 0.004369258880615234]
[2732, 0.004414796829223633]
[2733, 0.004357814788818359]
[2734, 0.004338502883911133]
[2735, 0.004681587219238281]
[2736, 0.0045146942138671875]
[2737, 0.004382610321044922]
[2738, 0.0045926570892333984]
[2739, 0.004465818405151367]
[2740, 0.0044765472412109375]
[2741, 0.0043637752532958984]
[2742, 0.004426717758178711]
[2743, 0.004397392272949219]
[2744, 0.0046350955963134766]
[2745, 0.004675626754760742]
[2746, 0.004414558410644531]
[2747, 0.004528045654296875]
[2748, 0.004633665084838867]
[2749, 0.004405021667480469]
[2750, 0.0044286251068115234]
[2751, 0.0045278072357177734]
[2752, 0.0045757293701171875]
[2753, 0.0046939849853515625]
[2754, 0.004366636276245117]
[2755, 0.004452943801879883]
[2756, 0.004505634307861328]
[2757, 0.004804134368896484]
[2758, 0.004438877105712891]
[2759, 0.0044057369232177734]
[2760, 0.004442691802978516]
[2761, 0.004403591156005859]
[2762, 0.004679679870605469]
[2763, 0.00441741943359375]
[2764, 0.0044384002685546875]
[2765, 0.004653215408325195]
[2766, 0.004482746124267578]
[2767, 0.0044193267822265625]
[2768, 0.004473447799682617]
[2769, 0.004541635513305664]
[2770, 0.0045948028564453125]
[2771, 0.004568338394165039]
[2772, 0.004456758499145508]
[2773, 0.0044863224029541016]
[2774, 0.004398345947265625]
[2775, 0.004436969757080078]
[2776, 0.0043926239013671875]
[2777, 0.0044231414794921875]
[2778, 0.004642009735107422]
[2779, 0.004586458206176758]
[2780, 0.004551887512207031]
[2781, 0.004469394683837891]
[2782, 0.0044384002685546875]
[2783, 0.0045604705810546875]
[2784, 0.004521608352661133]
[2785, 0.004454374313354492]
[2786, 0.004549264907836914]
[2787, 0.004447221755981445]
[2788, 0.004488229751586914]
[2789, 0.004476308822631836]
[2790, 0.004490375518798828]
[2791, 0.00484156608581543]
[2792, 0.00442957878112793]
[2793, 0.0046346187591552734]
[2794, 0.00478672981262207]
[2795, 0.0044384002685546875]
[2796, 0.0045163631439208984]
[2797, 0.004469394683837891]
[2798, 0.004450559616088867]
[2799, 0.004927873611450195]
[2800, 0.004498720169067383]
[2801, 0.004551887512207031]
[2802, 0.0045986175537109375]
[2803, 0.004478931427001953]
[2804, 0.004686832427978516]
[2805, 0.0049304962158203125]
[2806, 0.004712104797363281]
[2807, 0.004488468170166016]
[2808, 0.004827260971069336]
[2809, 0.004741191864013672]
[2810, 0.004591464996337891]
[2811, 0.004686594009399414]
[2812, 0.004473686218261719]
[2813, 0.004587888717651367]
[2814, 0.0045015811920166016]
[2815, 0.004525184631347656]
[2816, 0.004630327224731445]
[2817, 0.004478931427001953]
[2818, 0.004598379135131836]
[2819, 0.0045757293701171875]
[2820, 0.0047299861907958984]
[2821, 0.004888296127319336]
[2822, 0.0047075748443603516]
[2823, 0.004801273345947266]
[2824, 0.0045015811920166016]
[2825, 0.004747152328491211]
[2826, 0.004530668258666992]
[2827, 0.004535675048828125]
[2828, 0.004525661468505859]
[2829, 0.004521369934082031]
[2830, 0.004743099212646484]
[2831, 0.004483699798583984]
[2832, 0.004547595977783203]
[2833, 0.004735231399536133]
[2834, 0.0046977996826171875]
[2835, 0.004957675933837891]
[2836, 0.004673957824707031]
[2837, 0.004597187042236328]
[2838, 0.004593610763549805]
[2839, 0.004603862762451172]
[2840, 0.0045928955078125]
[2841, 0.0049092769622802734]
[2842, 0.006423473358154297]
[2843, 0.004805564880371094]
[2844, 0.004549503326416016]
[2845, 0.004599809646606445]
[2846, 0.004948616027832031]
[2847, 0.004810333251953125]
[2848, 0.0049571990966796875]
[2849, 0.004778623580932617]
[2850, 0.005048036575317383]
[2851, 0.004553794860839844]
[2852, 0.004746913909912109]
[2853, 0.004566669464111328]
[2854, 0.0045697689056396484]
[2855, 0.004764080047607422]
[2856, 0.0045626163482666016]
[2857, 0.004557609558105469]
[2858, 0.004789113998413086]
[2859, 0.004577159881591797]
[2860, 0.004652976989746094]
[2861, 0.0049936771392822266]
[2862, 0.004790306091308594]
[2863, 0.004851341247558594]
[2864, 0.00481867790222168]
[2865, 0.004792928695678711]
[2866, 0.0045931339263916016]
[2867, 0.004851818084716797]
[2868, 0.004598379135131836]
[2869, 0.0045583248138427734]
[2870, 0.004850149154663086]
[2871, 0.0045816898345947266]
[2872, 0.004738569259643555]
[2873, 0.004896402359008789]
[2874, 0.004575252532958984]
[2875, 0.004734992980957031]
[2876, 0.005075931549072266]
[2877, 0.0049517154693603516]
[2878, 0.004597902297973633]
[2879, 0.004860639572143555]
[2880, 0.0045757293701171875]
[2881, 0.004688739776611328]
[2882, 0.004595041275024414]
[2883, 0.004586935043334961]
[2884, 0.004627704620361328]
[2885, 0.004791736602783203]
[2886, 0.005010128021240234]
[2887, 0.004609823226928711]
[2888, 0.004590272903442383]
[2889, 0.004609584808349609]
[2890, 0.004603862762451172]
[2891, 0.004837512969970703]
[2892, 0.004615306854248047]
[2893, 0.004603862762451172]
[2894, 0.0049326419830322266]
[2895, 0.0046117305755615234]
[2896, 0.004839420318603516]
[2897, 0.0048863887786865234]
[2898, 0.004606723785400391]
[2899, 0.0046234130859375]
[2900, 0.004828453063964844]
[2901, 0.004636287689208984]
[2902, 0.004778146743774414]
[2903, 0.004663228988647461]
[2904, 0.004633426666259766]
[2905, 0.004883289337158203]
[2906, 0.004642009735107422]
[2907, 0.004861354827880859]
[2908, 0.0049250125885009766]
[2909, 0.0047681331634521484]
[2910, 0.004924774169921875]
[2911, 0.004860639572143555]
[2912, 0.004650115966796875]
[2913, 0.0050144195556640625]
[2914, 0.004884243011474609]
[2915, 0.004639148712158203]
[2916, 0.004964351654052734]
[2917, 0.004770517349243164]
[2918, 0.004694461822509766]
[2919, 0.004893064498901367]
[2920, 0.0046384334564208984]
[2921, 0.0046520233154296875]
[2922, 0.004929304122924805]
[2923, 0.00467991828918457]
[2924, 0.0047054290771484375]
[2925, 0.004910469055175781]
[2926, 0.0046885013580322266]
[2927, 0.004702329635620117]
[2928, 0.004897594451904297]
